0	0	0
0	0	-0.13147
0	0	-0.26294
0	0	-0.39442
0	0	-0.52589
0	0	-0.65736
0	0	-0.78883
0	0	-0.92031
0	0	-1.0518
0	0	-1.1833
0	0	-1.3147
0	0	-1.4462
0	0	-1.5777
0	0	-1.7091
0	0	-1.8406
0	0	-1.9721
0	0	-2.1036
0	0	-2.235
0	0	-2.3665
0	0	-2.498
0	0	-2.6294
0	0	-2.7609
0	0	-2.8924
0	0	-3.0239
0	0	-3.1553
0	0	-3.2868
0	0	-3.4183
0	0	-3.5498
0	0	-3.6812
0	0	-3.8127
0	0	-3.9442
0	0	-4.0756
0	0	-4.2071
0	0	-4.3386
0	0	-4.2071
0	0	-4.0756
0	0	-3.9442
0	0	-3.8127
0	0	-3.6812
0	0	-3.5498
0	0	-3.4183
0	0	-3.2868
0	0	-3.1553
0	0	-3.0239
0	0	-2.8924
0	0	-2.7609
0	0	-2.6294
0	0	-2.498
0	0	-2.3665
0	0	-2.235
0	0	-2.1036
0	0	-1.9721
0	0	-1.8406
0	0	-1.7091
0	0	-1.5777
0	0	-1.4462
0	0	-1.3147
0	0	-1.1833
0	0	-1.0518
0	0	-0.92031
0	0	-0.78883
0	0	-0.65736
0	0	-0.52589
0	0	-0.39442
0	0	-0.26294
0	0	-0.13147
0	0	0
0.56132	-0.19166	-2.0372e-14
1.1104	0.035442	0
1.1735	0.63422	0
0.87823	1.1917	0
0.39543	1.5988	0
-0.2008	1.8084	0
-0.83335	1.8056	0
-1.4331	1.6026	0
-1.9454	1.2296	0
-2.3324	0.72713	0
-2.5718	0.13928	0
-2.6547	-0.49045	0
-2.583	-1.1219	0
-2.367	-1.72	0
-2.0232	-2.2553	0
-1.5724	-2.7045	0
-1.038	-3.0505	0
-0.44468	-3.2819	0
0.18263	-3.3929	0
0.81976	-3.3823	0
1.444	-3.2536	0
2.0346	-3.0136	0
2.5733	-2.6726	0
3.0447	-2.243	0
3.4359	-1.7392	0
3.7374	-1.177	0
3.9425	-0.57282	0
4.0472	0.056642	0
4.0506	0.69483	0
3.954	1.3257	0
3.7613	1.9343	0
3.4783	2.5066	0
3.1127	3.03	0
2.6737	3.4937	0
2.1717	3.8883	0
1.618	4.2065	0
1.0245	4.4425	0
0.40375	4.5927	0
-0.23196	4.655	0
-0.87023	4.6293	0
-1.4991	4.5168	0
-2.1071	4.3206	0
-2.6835	4.045	0
-3.2185	3.6956	0
-3.7032	3.2793	0
-4.1299	2.8036	0
-4.4919	2.2771	0
-4.7841	1.7087	0
-5.0022	1.1079	0
-5.1434	0.48463	0
-5.2062	-0.15142	0
-5.1903	-0.79039	0
-5.0966	-1.4227	0
-4.927	-2.039	0
-4.6845	-2.6304	0
-4.3733	-3.1888	0
-3.9982	-3.7064	0
-3.5648	-4.1764	0
-3.0795	-4.5927	0
-2.5493	-4.9499	0
-1.9815	-5.2438	0
-1.3838	-5.4709	0
-0.76421	-5.6287	0
-0.13075	-5.7157	0
0.50849	-5.7312	0
1.1455	-5.6754	0
1.7724	-5.5496	0
2.3818	-5.3556	0
2.9663	-5.0962	0
3.5192	-4.7748	0
4.0342	-4.3957	0
4.5056	-3.9635	0
4.9281	-3.4834	0
5.2974	-2.9612	0
5.6095	-2.403	0
5.8614	-1.8151	0
6.0506	-1.2041	0
6.1754	-0.5768	0
6.2347	0.060061	0
6.2284	0.69966	0
6.1568	1.3353	0
6.021	1.9604	0
5.8227	2.5685	0
5.5642	3.1536	0
5.2485	3.71	0
4.8789	4.2322	0
4.4594	4.7151	0
3.9944	5.1544	0
3.4884	5.5459	0
2.9467	5.8861	0
2.3744	6.1721	0
1.7771	6.4013	0
1.1605	6.5719	0
0.53035	6.6827	0
-0.10748	6.7327	0
-0.74719	6.722	0
-1.383	6.6507	0
-2.0093	6.5199	0
-2.6206	6.3309	0
-3.2116	6.0857	0
-3.7772	5.7866	0
-4.3127	5.4363	0
-4.8136	5.0382	0
-5.2759	4.5958	0
-5.6958	4.1129	0
-6.0699	3.5938	0
-6.3955	3.0429	0
-6.6699	2.4648	0
-6.8912	1.8644	0
-7.0579	1.2465	0
-7.1687	0.61625	0
-7.223	-0.021385	0
-7.2206	-0.66134	0
-7.1618	-1.2986	0
-7.0472	-1.9282	0
-6.8779	-2.5454	0
-6.6554	-3.1455	0
-6.3816	-3.7239	0
-6.0587	-4.2765	0
-5.6894	-4.7992	0
-5.2765	-5.2883	0
-4.8232	-5.7401	0
-4.333	-6.1517	0
-3.8096	-6.5201	0
-3.2569	-6.8428	0
-2.6789	-7.1178	0
-2.0798	-7.3431	0
-1.4639	-7.5174	0
-0.83562	-7.6397	0
-0.19932	-7.7093	0
0.44058	-7.7259	0
1.0797	-7.6895	0
1.7136	-7.6006	0
2.3381	-7.4599	0
2.949	-7.2686	0
3.5422	-7.0282	0
4.114	-6.7403	0
4.6606	-6.407	0
5.1785	-6.0307	0
5.6645	-5.614	0
6.1154	-5.1596	0
6.5286	-4.6706	0
6.9016	-4.1502	0
7.232	-3.6019	0
7.518	-3.0291	0
7.758	-2.4355	0
7.9505	-1.8249	0
8.0945	-1.201	0
8.1893	-0.56781	0
8.2345	0.070869	0
8.23	0.71114	0
8.176	1.3491	0
8.0728	1.9811	0
7.9214	2.6032	0
7.7227	3.2119	0
7.478	3.8037	0
7.1889	4.3751	0
6.8573	4.9229	0
6.4851	5.4439	0
6.0746	5.9354	0
5.6282	6.3947	0
5.1487	6.8191	0
4.6387	7.2064	0
4.3295	6.726	0
4.0202	6.2456	0
3.711	5.7652	0
3.4017	5.2847	0
3.0925	4.8043	0
2.7832	4.3239	0
2.474	3.8434	0
2.1647	3.363	0
1.8555	2.8826	0
1.5462	2.4021	0
1.237	1.9217	0
0.92774	1.4413	0
0.6185	0.96086	0
0.30925	0.48043	0
0	0	0
0	0	0.13022
-0.30925	0.48043	0.26045
-0.6185	0.96086	0.39067
-0.92774	1.4413	0.52089
-1.237	1.9217	0.65111
-1.5462	2.4021	0.78134
-1.8555	2.8826	0.91156
-2.1647	3.363	1.0418
-2.474	3.8434	1.172
-2.7832	4.3239	1.3022
-3.0925	4.8043	1.4324
-3.4017	5.2847	1.5627
-3.711	5.7652	1.6929
-4.0202	6.2456	1.8231
-4.3295	6.726	1.9533
-4.6387	7.2064	2.0836
-5.1487	6.8191	2.2138
-5.6282	6.3947	2.344
-6.0746	5.9354	2.2138
-6.4851	5.4439	2.0836
-6.8573	4.9229	1.9533
-7.1889	4.3751	1.8231
-7.478	3.8037	1.6929
-7.7227	3.2119	1.5627
-7.9214	2.6032	1.4324
-8.0728	1.9811	1.3022
-8.176	1.3491	1.172
-8.23	0.71114	1.0418
-8.2345	0.070869	0.91156
-8.1893	-0.56781	0.78134
-8.0945	-1.201	0.65111
-7.9505	-1.8249	0.52089
-7.758	-2.4355	0.39067
-7.518	-3.0291	0.26045
-7.232	-3.6019	0.13022
-6.9016	-4.1502	0
-6.5286	-4.6706	-2.0372e-14
-6.1154	-5.1596	0
-5.6645	-5.614	0
-5.1785	-6.0307	0
-4.6606	-6.407	0
-4.114	-6.7403	0
-3.5422	-7.0282	0
-2.949	-7.2686	0
-2.3381	-7.4599	0
-1.7136	-7.6006	0
-1.0797	-7.6895	0
-0.44058	-7.7259	0
0.19932	-7.7093	0
0.83562	-7.6397	0
1.4639	-7.5174	0
2.0798	-7.3431	0
2.6789	-7.1178	0
3.2569	-6.8428	0
3.8096	-6.5201	0
4.333	-6.1517	0
4.8232	-5.7401	0
5.2765	-5.2883	0
5.6894	-4.7992	0
6.0587	-4.2765	0
6.3816	-3.7239	0
6.6554	-3.1455	0
6.8779	-2.5454	0
7.0472	-1.9282	0
7.1618	-1.2986	0
7.2206	-0.66134	0
7.223	-0.021385	0
7.1687	0.61625	0
7.0579	1.2465	0
6.8912	1.8644	0
6.6699	2.4648	0
6.3955	3.0429	0
6.0699	3.5938	0
5.6958	4.1129	0
5.2759	4.5958	0
4.8136	5.0382	0
4.3127	5.4363	0
3.7772	5.7866	0
3.2116	6.0857	0
2.6206	6.3309	0
2.0093	6.5199	0
1.383	6.6507	0
0.74719	6.722	0
0.10748	6.7327	0
-0.53035	6.6827	0
-1.1605	6.5719	0
-1.7771	6.4013	0
-2.3744	6.1721	0
-2.9467	5.8861	0
-3.4884	5.5459	0
-3.9944	5.1544	0
-4.4594	4.7151	0
-4.8789	4.2322	0
-5.2485	3.71	0
-5.5642	3.1536	0
-5.8227	2.5685	0
-6.021	1.9604	0
-6.1568	1.3353	0
-6.2284	0.69966	0
-6.2347	0.060061	0
-6.1754	-0.5768	0
-6.0506	-1.2041	0
-5.8614	-1.8151	0
-5.6095	-2.403	0
-5.2974	-2.9612	0
-4.9281	-3.4834	0
-4.5056	-3.9635	0
-4.0342	-4.3957	0
-3.5192	-4.7748	0
-2.9663	-5.0962	0
-2.3818	-5.3556	0
-1.7724	-5.5496	0
-1.1455	-5.6754	0
-0.50849	-5.7312	0
0.13075	-5.7157	0
0.76421	-5.6287	0
1.3838	-5.4709	0
1.9815	-5.2438	0
2.5493	-4.9499	0
3.0795	-4.5927	0
3.5648	-4.1764	0
3.9982	-3.7064	0
4.3733	-3.1888	0
4.6845	-2.6304	0
4.927	-2.039	0
5.0966	-1.4227	0
5.1903	-0.79039	0
5.2062	-0.15142	0
5.1434	0.48463	0
5.0022	1.1079	0
4.7841	1.7087	0
4.4919	2.2771	0
4.1299	2.8036	0
3.7032	3.2793	0
3.2185	3.6956	0
2.6835	4.045	0
2.1071	4.3206	0
1.4991	4.5168	0
0.87023	4.6293	0
0.23196	4.655	0
-0.40375	4.5927	0
-1.0245	4.4425	0
-1.618	4.2065	0
-2.1717	3.8883	0
-2.6737	3.4937	0
-3.1127	3.03	0
-3.4783	2.5066	0
-3.7613	1.9343	0
-3.954	1.3257	0
-4.0506	0.69483	0
-4.0472	0.056642	0
-3.9425	-0.57282	0
-3.7374	-1.177	0
-3.4359	-1.7392	0
-3.0447	-2.243	0
-2.5733	-2.6726	0
-2.0346	-3.0136	0
-1.444	-3.2536	0
-0.81976	-3.3823	0
-0.18263	-3.3929	0
0.44468	-3.2819	0
1.038	-3.0505	0
1.5724	-2.7045	0
2.0232	-2.2553	0
2.367	-1.72	0
2.583	-1.1219	0
2.6547	-0.49045	0
2.5718	0.13928	0
2.3324	0.72713	0
1.9454	1.2296	0
1.4331	1.6026	0
0.83335	1.8056	0
0.2008	1.8084	0
-0.39543	1.5988	0
-0.87823	1.1917	0
-1.1735	0.63422	0
-1.1104	0.035442	0
-0.56132	-0.19166	0
0	0	0.12815
0	0	0.2563
0	0	0.38445
0	0	0.51261
0	0	0.64076
0	0	0.76891
0	0	0.89706
0	0	1.0252
0	0	1.1534
0	0	1.2815
0	0	1.4097
0	0	1.5378
0	0	1.666
0	0	1.7941
0	0	1.9223
0	0	2.0504
0	0	2.1786
0	0	2.0504
0	0	1.9223
0	0	1.7941
0	0	1.666
0	0	1.5378
0	0	1.4097
0	0	1.2815
0	0	1.1534
0	0	1.0252
0	0	0.89706
0	0	0.76891
0	0	0.64076
0	0	0.51261
0	0	0.38445
0	0	0.2563
0	0	0.12815
0	0	0
0	0	-7.1302e-14
0.40491	-0.4258	0
0.96855	-0.35818	0
1.1772	0.21746	0
1.0666	0.83579	0
0.70743	1.3519	0
0.1733	1.6855	0
-0.44706	1.7991	0
-1.0695	1.6921	0
-1.625	1.3899	0
-2.0633	0.93306	0
-2.3525	0.36924	0
-2.4772	-0.25256	0
-2.4358	-0.88585	0
-2.2372	-1.4891	0
-1.8992	-2.027	0
-1.4451	-2.4719	0
-0.90226	-2.8031	0
-0.29983	-3.0074	0
0.33253	-3.0787	0
0.96607	-3.017	0
1.574	-2.8278	0
2.1325	-2.5216	0
2.6208	-2.1126	0
3.0221	-1.6177	0
3.3237	-1.0564	0
3.517	-0.44905	0
3.5972	0.18334	0
3.5635	0.81999	0
3.4186	1.441	0
3.1687	2.0276	0
2.8224	2.5632	0
2.3909	3.033	0
1.8875	3.4248	0
1.3267	3.7289	0
0.72394	3.9382	0
0.09545	4.0485	0
-0.54262	4.058	0
-1.1744	3.9676	0
-1.7846	3.7806	0
-2.359	3.5024	0
-2.8847	3.1402	0
-3.3501	2.7033	0
-3.7454	2.202	0
-4.0625	1.6479	0
-4.2955	1.0534	0
-4.4399	0.43149	0
-4.4937	-0.20477	0
-4.4565	-0.84225	0
-4.3298	-1.4681	0
-4.1167	-2.0702	0
-3.8221	-2.6368	0
-3.4522	-3.1575	0
-3.0146	-3.6227	0
-2.5179	-4.0243	0
-1.9716	-4.3553	0
-1.3859	-4.6103	0
-0.77154	-4.7852	0
-0.13943	-4.8775	0
0.49934	-4.8862	0
1.1338	-4.8116	0
1.7534	-4.6556	0
2.3477	-4.4212	0
2.9073	-4.1129	0
3.4232	-3.736	0
3.8874	-3.2969	0
4.2929	-2.8032	0
4.6337	-2.2626	0
4.9048	-1.684	0
5.1025	-1.0764	0
5.2243	-0.44904	0
5.2686	0.18845	0
5.2353	0.82663	0
5.1252	1.4561	0
4.9404	2.0679	0
4.6839	2.6533	0
4.3597	3.204	0
3.9726	3.7126	0
3.5285	4.1722	0
3.0336	4.5766	0
2.4949	4.9207	0
1.92	5.2	0
1.3168	5.4112	0
0.69322	5.5517	0
0.057698	5.62	0
-0.58149	5.6156	0
-1.2161	5.5389	0
-1.838	5.3911	0
-2.4394	5.1744	0
-3.0128	4.8919	0
-3.5512	4.5473	0
-4.0481	4.1451	0
-4.4976	3.6906	0
-4.8945	3.1894	0
-5.2341	2.6478	0
-5.5127	2.0724	0
-5.7272	1.4702	0
-5.8753	0.84826	0
-5.9555	0.21401	0
-5.9673	-0.4252	0
-5.9107	-1.062	0
-5.7866	-1.6892	0
-5.5967	-2.2997	0
-5.3433	-2.8867	0
-5.0296	-3.4438	0
-4.6591	-3.9649	0
-4.2362	-4.4444	0
-3.7657	-4.8773	0
-3.2528	-5.2591	0
-2.7032	-5.5858	0
-2.1228	-5.8541	0
-1.518	-6.0614	0
-0.89505	-6.2058	0
-0.26067	-6.2859	0
0.37857	-6.3011	0
1.0161	-6.2515	0
1.6453	-6.1378	0
2.2599	-5.9613	0
2.8537	-5.7241	0
3.4209	-5.4287	0
3.9558	-5.0783	0
4.4532	-4.6765	0
4.9085	-4.2274	0
5.3171	-3.7356	0
5.6755	-3.2059	0
5.9801	-2.6437	0
6.2283	-2.0543	0
6.4179	-1.4436	0
6.5472	-0.81731	0
6.6152	-0.18143	0
6.6215	0.45804	0
6.5661	1.0951	0
6.4498	1.724	0
6.2738	2.3388	0
6.0399	2.934	0
5.7504	3.5043	0
5.4081	4.0445	0
5.0161	4.5498	0
4.5782	5.0159	0
4.0983	5.4387	0
3.5809	5.8146	0
3.0305	6.1403	0
2.4522	6.4133	0
1.8509	6.6312	0
1.232	6.7924	0
0.60076	6.8955	0
-0.037273	6.9399	0
-0.67668	6.9253	0
-1.312	6.852	0
-1.938	6.7208	0
-2.5494	6.5329	0
-3.1411	6.2901	0
-3.7083	5.9944	0
-4.2463	5.6486	0
-4.7508	5.2554	0
-5.2177	4.8183	0
-5.6435	4.341	0
-6.0246	3.8273	0
-6.3582	3.2816	0
-6.6417	2.7083	0
-6.8729	2.1119	0
-7.0503	1.4974	0
-7.1723	0.86948	0
-7.2384	0.23327	0
-7.248	-0.40629	0
-7.2012	-1.0442	0
-7.0986	-1.6756	0
-6.941	-2.2955	0
-6.7298	-2.8993	0
-6.4667	-3.4823	0
-6.1539	-4.0402	0
-5.7937	-4.5689	0
-5.3892	-5.0643	0
-4.9432	-5.5229	0
-4.4594	-5.9414	0
-3.9414	-6.3166	0
-3.393	-6.646	0
-2.8185	-6.9271	0
-2.2219	-7.1582	0
-1.6079	-7.3374	0
-0.98083	-7.4638	0
-0.34528	-7.5364	0
0.29414	-7.5549	0
0.93283	-7.5193	0
1.5662	-7.4299	0
2.1899	-7.2874	0
2.7993	-7.0931	0
3.3904	-6.8483	0
3.9588	-6.555	0
4.5008	-6.2151	0
5.0126	-5.8313	0
5.4907	-5.4063	0
5.9319	-4.9431	0
6.3332	-4.4449	0
6.6919	-3.9152	0
7.0058	-3.3578	0
7.2727	-2.7764	0
7.4909	-2.1751	0
7.6592	-1.5578	0
7.7763	-0.92893	0
7.8417	-0.29255	0
7.855	0.34704	0
7.8163	0.98561	0
7.7259	1.6189	0
7.5844	2.2428	0
7.393	2.8533	0
7.1529	3.4463	0
6.8659	4.018	0
6.5338	4.5648	0
6.1589	5.0832	0
5.7437	5.5699	0
5.291	6.0219	0
4.8036	6.4364	0
4.2847	6.8107	0
3.7378	7.1425	0
3.1663	7.43	0
2.5737	7.6713	0
1.964	7.865	0
1.3409	8.01	0
0.70826	8.1055	0
0.070105	8.151	0
-0.56966	8.1463	0
-1.2071	8.0914	0
-1.8383	7.987	0
-2.4594	7.8336	0
-3.0667	7.6322	0
-3.6565	7.3843	0
-4.2253	7.0914	0
-4.7696	6.7552	0
-5.2864	6.378	0
-5.7725	5.962	0
-6.2251	5.5098	0
-6.6415	5.024	0
-7.0195	4.5078	0
-7.3567	3.9641	0
-7.6513	3.3962	0
-7.9017	2.8074	0
-8.1065	2.2012	0
-8.2645	1.5812	0
-8.375	0.95102	0
-8.4373	0.31425	0
-8.4512	-0.32542	0
-8.4167	-0.96431	0
-8.334	-1.5988	0
-8.2038	-2.2252	0
-8.0268	-2.8401	0
-7.8041	-3.4399	0
-7.5371	-4.0213	0
-7.2273	-4.5812	0
-6.8765	-5.1163	0
-6.4868	-5.6237	0
-6.0603	-6.1007	0
-5.5996	-6.5447	0
-5.1071	-6.9532	0
-4.5858	-7.3241	0
-4.0384	-7.6554	0
-3.468	-7.9454	0
-2.8778	-8.1924	0
-2.2709	-8.3954	0
-1.6509	-8.5531	0
-1.0208	-8.6649	0
-0.38433	-8.7303	0
0.25526	-8.7488	0
0.89449	-8.7206	0
1.53	-8.6458	0
2.1583	-8.525	0
2.7762	-8.3587	0
3.3804	-8.1481	0
3.9677	-7.8941	0
4.5351	-7.5984	0
5.0797	-7.2623	0
5.5986	-6.8879	0
6.0891	-6.4771	0
6.5488	-6.032	0
6.9754	-5.555	0
7.3667	-5.0487	0
7.7206	-4.5157	0
8.0356	-3.9587	0
8.31	-3.3806	0
8.5425	-2.7844	0
8.732	-2.1732	0
8.8775	-1.5501	0
8.9785	-0.91825	0
9.0344	-0.28081	0
9.0451	0.359	0
9.0105	0.99796	0
8.931	1.6329	0
8.8069	2.2607	0
8.639	2.8781	0
8.4281	3.4823	0
8.1754	4.0702	0
7.8821	4.6389	0
7.5497	5.1857	0
7.18	5.708	0
6.7747	6.2033	0
6.336	6.6691	0
5.8659	7.1033	0
5.3668	7.5038	0
4.8412	7.8687	0
4.2915	8.1964	0
3.7205	8.4853	0
3.131	8.7341	0
2.5256	8.9417	0
1.9074	9.1071	0
1.2794	9.2296	0
0.64433	9.3087	0
0.0053823	9.3441	0
-0.6345	9.3357	0
-1.2723	9.2835	0
-1.9051	9.188	0
-2.5298	9.0495	0
-3.1437	8.8688	0
-3.744	8.6468	0
-4.3277	8.3846	0
-4.8923	8.0834	0
-5.4353	7.7447	0
-5.9541	7.3701	0
-6.4465	6.9612	0
-6.9101	6.5202	0
-7.343	6.0489	0
-7.7433	5.5495	0
-8.1091	5.0244	0
-8.4389	4.476	0
-8.7313	3.9067	0
-8.9849	3.3192	0
-9.1987	2.716	0
-9.3718	2.0999	0
-9.5035	1.4736	0
-9.5932	0.83995	0
-9.6407	0.20174	0
-9.6457	-0.43821	0
-9.6084	-1.0771	0
-9.5288	-1.7121	0
-9.4075	-2.3405	0
-9.2449	-2.9595	0
-9.042	-3.5664	0
-8.7995	-4.1587	0
-8.5186	-4.7337	0
-8.2006	-5.2891	0
-7.8469	-5.8225	0
-7.459	-6.3315	0
-7.0387	-6.8141	0
-6.5877	-7.2682	0
-6.1081	-7.692	0
-5.602	-8.0836	0
-5.0714	-8.4415	0
-4.5187	-8.7642	0
-3.9462	-9.0503	0
-3.3564	-9.2988	0
-2.7517	-9.5085	0
-2.1348	-9.6788	0
-1.5081	-9.8088	0
-0.87442	-9.8983	0
-0.23625	-9.9467	0
0.40372	-9.954	0
1.0428	-9.9202	0
1.6785	-9.8455	0
2.308	-9.7303	0
2.9289	-9.575	0
3.5386	-9.3804	0
4.1347	-9.1472	0
4.7147	-8.8766	0
5.2762	-8.5696	0
5.8172	-8.2275	0
6.3353	-7.8517	0
6.8286	-7.4439	0
7.295	-7.0056	0
7.7328	-6.5388	0
8.1403	-6.0452	0
8.5158	-5.5269	0
8.8579	-4.9859	0
9.1652	-4.4245	0
9.4367	-3.8449	0
9.6713	-3.2494	0
9.868	-2.6403	0
10.026	-2.0202	0
10.145	-1.3913	0
10.225	-0.75622	0
10.265	-0.11741	0
10.265	0.52265	0
10.225	1.1615	0
10.146	1.7966	0
10.027	2.4255	0
9.8692	3.0459	0
9.6736	3.6553	0
9.4406	4.2515	0
9.1713	4.8321	0
8.8666	5.395	0
8.5278	5.9381	0
8.1562	6.4592	0
7.7533	6.9566	0
7.3206	7.4283	0
6.8598	7.8725	0
6.3726	8.2877	0
5.861	8.6723	0
5.3267	9.0249	0
5.0308	8.5235	0
4.7349	8.0221	0
4.439	7.5207	0
4.143	7.0194	0
3.8471	6.518	0
3.5512	6.0166	0
3.2552	5.5152	0
2.9593	5.0138	0
2.6634	4.5124	0
2.3674	4.0111	0
2.0715	3.5097	0
1.7756	3.0083	0
1.4797	2.5069	0
1.1837	2.0055	0
0.88779	1.5041	0
0.59186	1.0028	0
0.29593	0.50138	0
0	0	0
0	0	0.13032
-0.29593	0.50138	0.26065
-0.59186	1.0028	0.39097
-0.88779	1.5041	0.52129
-1.1837	2.0055	0.65162
-1.4797	2.5069	0.78194
-1.7756	3.0083	0.91226
-2.0715	3.5097	1.0426
-2.3674	4.0111	1.1729
-2.6634	4.5124	1.3032
-2.9593	5.0138	1.4336
-3.2552	5.5152	1.5639
-3.5512	6.0166	1.6942
-3.8471	6.518	1.8245
-4.143	7.0194	1.9549
-4.439	7.5207	2.0852
-4.7349	8.0221	1.9549
-5.0308	8.5235	1.8245
-5.3267	9.0249	1.6942
-5.861	8.6723	1.5639
-6.3726	8.2877	1.4336
-6.8598	7.8725	1.3032
-7.3206	7.4283	1.1729
-7.7533	6.9566	1.0426
-8.1562	6.4592	0.91226
-8.5278	5.9381	0.78194
-8.8666	5.395	0.65162
-9.1713	4.8321	0.52129
-9.4406	4.2515	0.39097
-9.6736	3.6553	0.26065
-9.8692	3.0459	0.13032
-10.027	2.4255	0
-10.146	1.7966	-5.093e-15
-10.225	1.1615	0
-10.265	0.52265	0
-10.265	-0.11741	0
-10.225	-0.75622	0
-10.145	-1.3913	0
-10.026	-2.0202	0
-9.868	-2.6403	0
-9.6713	-3.2494	0
-9.4367	-3.8449	0
-9.1652	-4.4245	0
-8.8579	-4.9859	0
-8.5158	-5.5269	0
-8.1403	-6.0452	0
-7.7328	-6.5388	0
-7.295	-7.0056	0
-6.8286	-7.4439	0
-6.3353	-7.8517	0
-5.8172	-8.2275	0
-5.2762	-8.5696	0
-4.7147	-8.8766	0
-4.1347	-9.1472	0
-3.5386	-9.3804	0
-2.9289	-9.575	0
-2.308	-9.7303	0
-1.6785	-9.8455	0
-1.0428	-9.9202	0
-0.40372	-9.954	0
0.23625	-9.9467	0
0.87442	-9.8983	0
1.5081	-9.8088	0
2.1348	-9.6788	0
2.7517	-9.5085	0
3.3564	-9.2988	0
3.9462	-9.0503	0
4.5187	-8.7642	0
5.0714	-8.4415	0
5.602	-8.0836	0
6.1081	-7.692	0
6.5877	-7.2682	0
7.0387	-6.8141	0
7.459	-6.3315	0
7.8469	-5.8225	0
8.2006	-5.2891	0
8.5186	-4.7337	0
8.7995	-4.1587	0
9.042	-3.5664	0
9.2449	-2.9595	0
9.4075	-2.3405	0
9.5288	-1.7121	0
9.6084	-1.0771	0
9.6457	-0.43821	0
9.6407	0.20174	0
9.5932	0.83995	0
9.5035	1.4736	0
9.3718	2.0999	0
9.1987	2.716	0
8.9849	3.3192	0
8.7313	3.9067	0
8.4389	4.476	0
8.1091	5.0244	0
7.7433	5.5495	0
7.343	6.0489	0
6.9101	6.5202	0
6.4465	6.9612	0
5.9541	7.3701	0
5.4353	7.7447	0
4.8923	8.0834	0
4.3277	8.3846	0
3.744	8.6468	0
3.1437	8.8688	0
2.5298	9.0495	0
1.9051	9.188	0
1.2723	9.2835	0
0.6345	9.3357	0
-0.0053823	9.3441	0
-0.64433	9.3087	0
-1.2794	9.2296	0
-1.9074	9.1071	0
-2.5256	8.9417	0
-3.131	8.7341	0
-3.7205	8.4853	0
-4.2915	8.1964	0
-4.8412	7.8687	0
-5.3668	7.5038	0
-5.8659	7.1033	0
-6.336	6.6691	0
-6.7747	6.2033	0
-7.18	5.708	0
-7.5497	5.1857	0
-7.8821	4.6389	0
-8.1754	4.0702	0
-8.4281	3.4823	0
-8.639	2.8781	0
-8.8069	2.2607	0
-8.931	1.6329	0
-9.0105	0.99796	0
-9.0451	0.359	0
-9.0344	-0.28081	0
-8.9785	-0.91825	0
-8.8775	-1.5501	0
-8.732	-2.1732	0
-8.5425	-2.7844	0
-8.31	-3.3806	0
-8.0356	-3.9587	0
-7.7206	-4.5157	0
-7.3667	-5.0487	0
-6.9754	-5.555	0
-6.5488	-6.032	0
-6.0891	-6.4771	0
-5.5986	-6.8879	0
-5.0797	-7.2623	0
-4.5351	-7.5984	0
-3.9677	-7.8941	0
-3.3804	-8.1481	0
-2.7762	-8.3587	0
-2.1583	-8.525	0
-1.53	-8.6458	0
-0.89449	-8.7206	0
-0.25526	-8.7488	0
0.38433	-8.7303	0
1.0208	-8.6649	0
1.6509	-8.5531	0
2.2709	-8.3954	0
2.8778	-8.1924	0
3.468	-7.9454	0
4.0384	-7.6554	0
4.5858	-7.3241	0
5.1071	-6.9532	0
5.5996	-6.5447	0
6.0603	-6.1007	0
6.4868	-5.6237	0
6.8765	-5.1163	0
7.2273	-4.5812	0
7.5371	-4.0213	0
7.8041	-3.4399	0
8.0268	-2.8401	0
8.2038	-2.2252	0
8.334	-1.5988	0
8.4167	-0.96431	0
8.4512	-0.32542	0
8.4373	0.31425	0
8.375	0.95102	0
8.2645	1.5812	0
8.1065	2.2012	0
7.9017	2.8074	0
7.6513	3.3962	0
7.3567	3.9641	0
7.0195	4.5078	0
6.6415	5.024	0
6.2251	5.5098	0
5.7725	5.962	0
5.2864	6.378	0
4.7696	6.7552	0
4.2253	7.0914	0
3.6565	7.3843	0
3.0667	7.6322	0
2.4594	7.8336	0
1.8383	7.987	0
1.2071	8.0914	0
0.56966	8.1463	0
-0.070105	8.151	0
-0.70826	8.1055	0
-1.3409	8.01	0
-1.964	7.865	0
-2.5737	7.6713	0
-3.1663	7.43	0
-3.7378	7.1425	0
-4.2847	6.8107	0
-4.8036	6.4364	0
-5.291	6.0219	0
-5.7437	5.5699	0
-6.1589	5.0832	0
-6.5338	4.5648	0
-6.8659	4.018	0
-7.1529	3.4463	0
-7.393	2.8533	0
-7.5844	2.2428	0
-7.7259	1.6189	0
-7.8163	0.98561	0
-7.855	0.34704	0
-7.8417	-0.29255	0
-7.7763	-0.92893	0
-7.6592	-1.5578	0
-7.4909	-2.1751	0
-7.2727	-2.7764	0
-7.0058	-3.3578	0
-6.6919	-3.9152	0
-6.3332	-4.4449	0
-5.9319	-4.9431	0
-5.4907	-5.4063	0
-5.0126	-5.8313	0
-4.5008	-6.2151	0
-3.9588	-6.555	0
-3.3904	-6.8483	0
-2.7993	-7.0931	0
-2.1899	-7.2874	0
-1.5662	-7.4299	0
-0.93283	-7.5193	0
-0.29414	-7.5549	0
0.34528	-7.5364	0
0.98083	-7.4638	0
1.6079	-7.3374	0
2.2219	-7.1582	0
2.8185	-6.9271	0
3.393	-6.646	0
3.9414	-6.3166	0
4.4594	-5.9414	0
4.9432	-5.5229	0
5.3892	-5.0643	0
5.7937	-4.5689	0
6.1539	-4.0402	0
6.4667	-3.4823	0
6.7298	-2.8993	0
6.941	-2.2955	0
7.0986	-1.6756	0
7.2012	-1.0442	0
7.248	-0.40629	0
7.2384	0.23327	0
7.1723	0.86948	0
7.0503	1.4974	0
6.8729	2.1119	0
6.6417	2.7083	0
6.3582	3.2816	0
6.0246	3.8273	0
5.6435	4.341	0
5.2177	4.8183	0
4.7508	5.2554	0
4.2463	5.6486	0
3.7083	5.9944	0
3.1411	6.2901	0
2.5494	6.5329	0
1.938	6.7208	0
1.312	6.852	0
0.67668	6.9253	0
0.037273	6.9399	0
-0.60076	6.8955	0
-1.232	6.7924	0
-1.8509	6.6312	0
-2.4522	6.4133	0
-3.0305	6.1403	0
-3.5809	5.8146	0
-4.0983	5.4387	0
-4.5782	5.0159	0
-5.0161	4.5498	0
-5.4081	4.0445	0
-5.7504	3.5043	0
-6.0399	2.934	0
-6.2738	2.3388	0
-6.4498	1.724	0
-6.5661	1.0951	0
-6.6215	0.45804	0
-6.6152	-0.18143	0
-6.5472	-0.81731	0
-6.4179	-1.4436	0
-6.2283	-2.0543	0
-5.9801	-2.6437	0
-5.6755	-3.2059	0
-5.3171	-3.7356	0
-4.9085	-4.2274	0
-4.4532	-4.6765	0
-3.9558	-5.0783	0
-3.4209	-5.4287	0
-2.8537	-5.7241	0
-2.2599	-5.9613	0
-1.6453	-6.1378	0
-1.0161	-6.2515	0
-0.37857	-6.3011	0
0.26067	-6.2859	0
0.89505	-6.2058	0
1.518	-6.0614	0
2.1228	-5.8541	0
2.7032	-5.5858	0
3.2528	-5.2591	0
3.7657	-4.8773	0
4.2362	-4.4444	0
4.6591	-3.9649	0
5.0296	-3.4438	0
5.3433	-2.8867	0
5.5967	-2.2997	0
5.7866	-1.6892	0
5.9107	-1.062	0
5.9673	-0.4252	0
5.9555	0.21401	0
5.8753	0.84826	0
5.7272	1.4702	0
5.5127	2.0724	0
5.2341	2.6478	0
4.8945	3.1894	0
4.4976	3.6906	0
4.0481	4.1451	0
3.5512	4.5473	0
3.0128	4.8919	0
2.4394	5.1744	0
1.838	5.3911	0
1.2161	5.5389	0
0.58149	5.6156	0
-0.057698	5.62	0
-0.69322	5.5517	0
-1.3168	5.4112	0
-1.92	5.2	0
-2.4949	4.9207	0
-3.0336	4.5766	0
-3.5285	4.1722	0
-3.9726	3.7126	0
-4.3597	3.204	0
-4.6839	2.6533	0
-4.9404	2.0679	0
-5.1252	1.4561	0
-5.2353	0.82663	0
-5.2686	0.18845	0
-5.2243	-0.44904	0
-5.1025	-1.0764	0
-4.9048	-1.684	0
-4.6337	-2.2626	0
-4.2929	-2.8032	0
-3.8874	-3.2969	0
-3.4232	-3.736	0
-2.9073	-4.1129	0
-2.3477	-4.4212	0
-1.7534	-4.6556	0
-1.1338	-4.8116	0
-0.49934	-4.8862	0
0.13943	-4.8775	0
0.77154	-4.7852	0
1.3859	-4.6103	0
1.9716	-4.3553	0
2.5179	-4.0243	0
3.0146	-3.6227	0
3.4522	-3.1575	0
3.8221	-2.6368	0
4.1167	-2.0702	0
4.3298	-1.4681	0
4.4565	-0.84225	0
4.4937	-0.20477	0
4.4399	0.43149	0
4.2955	1.0534	0
4.0625	1.6479	0
3.7454	2.202	0
3.3501	2.7033	0
2.8847	3.1402	0
2.359	3.5024	0
1.7846	3.7806	0
1.1744	3.9676	0
0.54262	4.058	0
-0.09545	4.0485	0
-0.72394	3.9382	0
-1.3267	3.7289	0
-1.8875	3.4248	0
-2.3909	3.033	0
-2.8224	2.5632	0
-3.1687	2.0276	0
-3.4186	1.441	0
-3.5635	0.81999	0
-3.5972	0.18334	0
-3.517	-0.44905	0
-3.3237	-1.0564	0
-3.0221	-1.6177	0
-2.6208	-2.1126	0
-2.1325	-2.5216	0
-1.574	-2.8278	0
-0.96607	-3.017	0
-0.33253	-3.0787	0
0.29983	-3.0074	0
0.90226	-2.8031	0
1.4451	-2.4719	0
1.8992	-2.027	0
2.2372	-1.4891	0
2.4358	-0.88585	0
2.4772	-0.25256	0
2.3525	0.36924	0
2.0633	0.93306	0
1.625	1.3899	0
1.0695	1.6921	0
0.44706	1.7991	0
-0.1733	1.6855	0
-0.70743	1.3519	0
-1.0666	0.83579	0
-1.1772	0.21746	0
-0.96855	-0.35818	0
-0.40491	-0.4258	0
0	0	0.13592
0	0	0.27185
0	0	0.40777
0	0	0.54369
0	0	0.67961
0	0	0.81554
0	0	0.95146
0	0	1.0874
0	0	1.2233
0	0	1.3592
0	0	1.4951
0	0	1.6311
0	0	1.767
0	0	1.9029
0	0	2.0388
0	0	1.9029
0	0	1.767
0	0	1.6311
0	0	1.4951
0	0	1.3592
0	0	1.2233
0	0	1.0874
0	0	0.95146
0	0	0.81554
0	0	0.67961
0	0	0.54369
0	0	0.40777
0	0	0.27185
0	0	0.13592
0	0	0
0	0	1.0644e-14
0.43239	0.38967	0
0.30237	0.92593	0
-0.29425	1.0856	0
-0.899	0.92385	0
-1.3685	0.50815	0
-1.6222	-0.066701	0
-1.6333	-0.69619	0
-1.4162	-1.2884	0
-1.0118	-1.7736	0
-0.47395	-2.1062	0
0.13953	-2.2627	0
0.77274	-2.2378	0
1.3756	-2.041	0
1.9063	-1.693	0
2.332	-1.2219	0
2.6299	-0.66076	0
2.7862	-0.044734	0
2.7964	0.59099	0
2.6635	1.213	0
2.3973	1.7909	0
2.0134	2.2984	0
1.5314	2.7143	0
0.97414	3.0222	0
0.36606	3.2114	0
-0.26759	3.2764	0
-0.90187	3.2168	0
-1.5131	3.0367	0
-2.0794	2.7445	0
-2.5817	2.3521	0
-3.0037	1.8743	0
-3.3324	1.328	0
-3.5585	0.73186	0
-3.6762	0.10513	0
-3.6831	-0.53258	0
-3.5803	-1.1621	0
-3.3721	-1.765	0
-3.0656	-2.3244	0
-2.6703	-2.8252	0
-2.1981	-3.2542	0
-1.6623	-3.6007	0
-1.0776	-3.8563	0
-0.45957	-4.0153	0
0.17587	-4.0746	0
0.81279	-4.0337	0
1.4356	-3.8942	0
2.0297	-3.6606	0
2.5811	-3.339	0
3.0774	-2.9375	0
3.5079	-2.4661	0
3.8634	-1.9358	0
4.1365	-1.3587	0
4.322	-0.74774	0
4.4165	-0.11626	0
4.4188	0.52228	0
4.3293	1.1546	0
4.1506	1.7676	0
3.8868	2.3492	0
3.5438	2.888	0
3.1289	3.3735	0
2.6506	3.7967	0
2.1184	4.1499	0
1.5429	4.4268	0
0.9349	4.6227	0
0.30599	4.7345	0
-0.33226	4.7605	0
-0.96827	4.7008	0
-1.5907	4.5571	0
-2.1886	4.3321	0
-2.7518	4.0305	0
-3.2706	3.6577	0
-3.7364	3.2205	0
-4.1418	2.7266	0
-4.4801	2.1847	0
-4.7462	1.6038	0
-4.936	0.99372	0
-5.0469	0.36447	0
-5.0775	-0.27376	0
-5.0276	-0.91079	0
-4.8984	-1.5366	0
-4.6924	-2.1415	0
-4.413	-2.7162	0
-4.0649	-3.252	0
-3.6537	-3.7412	0
-3.1858	-4.1764	0
-2.6684	-4.5515	0
-2.1094	-4.8611	0
-1.5171	-5.1012	0
-0.90024	-5.2683	0
-0.26783	-5.3606	0
0.37106	-5.3769	0
1.0074	-5.3173	0
1.6323	-5.1831	0
2.237	-4.9763	0
2.8134	-4.7001	0
3.3536	-4.3585	0
3.8505	-3.9565	0
4.2975	-3.4997	0
4.6889	-2.9943	0
5.0197	-2.4474	0
5.2857	-1.8662	0
5.4838	-1.2584	0
5.6115	-0.63213	0
5.6676	0.004616	0
5.6515	0.64363	0
5.5637	1.2768	0
5.4056	1.8962	0
5.1794	2.4941	0
4.8882	3.0631	0
4.5357	3.5964	0
4.1264	4.0875	0
3.6657	4.5306	0
3.1591	4.9205	0
2.6129	5.2528	0
2.0338	5.5235	0
1.4287	5.7299	0
0.80484	5.8695	0
0.16954	5.941	0
-0.46976	5.9438	0
-1.1057	5.878	0
-1.731	5.7447	0
-2.3385	5.5455	0
-2.9214	5.283	0
-3.4733	4.9602	0
-3.988	4.581	0
-4.46	4.1497	0
-4.8842	3.6713	0
-5.256	3.1512	0
-5.5715	2.5951	0
-5.8275	2.0092	0
-6.0213	1.3999	0
-6.1512	0.77385	0
-6.2158	0.13773	0
-6.2147	-0.50166	0
-6.148	-1.1376	0
-6.0168	-1.7633	0
-5.8224	-2.3725	0
-5.5671	-2.9587	0
-5.2536	-3.516	0
-4.8855	-4.0388	0
-4.4665	-4.5218	0
-4.001	-4.9603	0
-3.4939	-5.3498	0
-2.9504	-5.6867	0
-2.376	-5.9677	0
-1.7765	-6.1901	0
-1.1579	-6.352	0
-0.52629	-6.4518	0
0.11209	-6.4887	0
0.75102	-6.4626	0
1.3843	-6.3739	0
2.0058	-6.2236	0
2.6097	-6.0132	0
3.1902	-5.7449	0
3.7418	-5.4214	0
4.2595	-5.046	0
4.7384	-4.6222	0
5.1741	-4.1541	0
5.5627	-3.6462	0
5.9007	-3.1034	0
6.1852	-2.5306	0
6.4135	-1.9333	0
6.5838	-1.3168	0
6.6946	-0.68702	0
6.7451	-0.049503	0
6.735	0.58993	0
6.6645	1.2256	0
6.5343	1.8517	0
6.3458	2.4628	0
6.1008	3.0535	0
5.8014	3.6187	0
5.4506	4.1534	0
5.0514	4.653	0
4.6074	5.1133	0
4.1226	5.5304	0
3.6012	5.9008	0
3.0478	6.2214	0
2.4672	6.4895	0
1.8643	6.7031	0
1.2444	6.8604	0
0.61268	6.9602	0
-0.025536	7.0017	0
-0.66488	6.9849	0
-1.3	6.9098	0
-1.9257	6.7773	0
-2.5368	6.5886	0
-3.1283	6.3454	0
-3.6954	6.0496	0
-4.2336	5.704	0
-4.7384	5.3113	0
-5.206	4.8749	0
-5.6325	4.3983	0
-6.0147	3.8855	0
-6.3496	3.3406	0
-6.6347	2.768	0
-6.8677	2.1723	0
-7.0468	1.5584	0
-7.171	0.9309	0
-7.2391	0.29494	0
-7.2509	-0.34456	0
-7.2063	-0.98262	0
-7.1058	-1.6143	0
-6.9503	-2.2347	0
-6.741	-2.8391	0
-6.4797	-3.4229	0
-6.1685	-3.9817	0
-5.8098	-4.5113	0
-5.4065	-5.0077	0
-4.9616	-5.4673	0
-4.4785	-5.8866	0
-3.9611	-6.2626	0
-3.4131	-6.5925	0
-2.8387	-6.874	0
-2.2423	-7.1051	0
-1.6283	-7.2842	0
-1.0011	-7.4101	0
-0.3655	-7.4818	0
0.27392	-7.4991	0
0.91248	-7.4618	0
1.5456	-7.3703	0
2.1686	-7.2254	0
2.7771	-7.0282	0
3.3668	-6.7803	0
3.9334	-6.4835	0
4.4729	-6.1399	0
4.9817	-5.7521	0
5.456	-5.323	0
5.8927	-4.8556	0
6.2888	-4.3533	0
6.6414	-3.8196	0
6.9483	-3.2584	0
7.2074	-2.6735	0
7.4169	-2.0691	0
7.5756	-1.4494	0
7.6823	-0.81869	0
7.7365	-0.18131	0
7.7378	0.45838	0
7.6863	1.096	0
7.5825	1.7272	0
7.4272	2.3478	0
7.2215	2.9535	0
6.9668	3.5403	0
6.6649	4.1043	0
6.318	4.6417	0
5.9285	5.1491	0
5.4989	5.6231	0
5.0321	6.0606	0
4.5315	6.4588	0
4.0002	6.8151	0
3.4418	7.1272	0
2.86	7.3932	0
2.2586	7.6114	0
1.6417	7.7805	0
1.0131	7.8994	0
0.37704	7.9675	0
-0.26246	7.9844	0
-0.90126	7.95	0
-1.5353	7.8647	0
-2.1604	7.7291	0
-2.7728	7.5441	0
-3.3686	7.311	0
-3.9439	7.0313	0
-4.4952	6.7068	0
-5.0192	6.3397	0
-5.5124	5.9323	0
-5.972	5.4872	0
-6.395	5.0073	0
-6.7789	4.4956	0
-7.1214	3.9553	0
-7.4205	3.3898	0
-7.6743	2.8025	0
-7.8814	2.1972	0
-8.0405	1.5776	0
-8.1508	0.94742	0
-8.2117	0.31058	0
-8.2228	-0.32907	0
-8.1842	-0.96766	0
-8.0961	-1.6013	0
-7.9593	-2.2263	0
-7.7745	-2.8387	0
-7.5429	-3.4351	0
-7.266	-4.0118	0
-6.9455	-4.5655	0
-6.5833	-5.0929	0
-6.1817	-5.5909	0
-5.7431	-6.0566	0
-5.2701	-6.4874	0
-4.7655	-6.8807	0
-4.2323	-7.2343	0
-3.6738	-7.5462	0
-3.093	-7.8147	0
-2.4936	-8.0382	0
-1.8789	-8.2155	0
-1.2525	-8.3456	0
-0.618	-8.4279	0
0.02087	-8.462	0
0.66049	-8.4477	0
1.2972	-8.3851	0
1.9274	-8.2748	0
2.5475	-8.1173	0
3.154	-7.9137	0
3.7435	-7.6651	0
4.3127	-7.373	0
4.8585	-7.0391	0
5.3778	-6.6654	0
5.8677	-6.2539	0
6.3256	-5.8071	0
6.7489	-5.3274	0
7.1354	-4.8175	0
7.4829	-4.2803	0
7.7897	-3.7189	0
8.054	-3.1362	0
8.2745	-2.5356	0
8.4499	-1.9203	0
8.5795	-1.2938	0
8.6626	-0.65942	0
8.6988	-0.020635	0
8.6879	0.61908	0
8.63	1.2563	0
8.5256	1.8875	0
8.3753	2.5094	0
8.1799	3.1186	0
7.9404	3.7119	0
7.6584	4.2862	0
7.3352	4.8384	0
6.9727	5.3656	0
6.5729	5.8651	0
6.1378	6.3343	0
5.6699	6.7706	0
5.1716	7.1719	0
4.6455	7.5362	0
4.0946	7.8615	0
3.5216	8.1462	0
2.9296	8.3888	0
2.3216	8.5883	0
1.7009	8.7435	0
1.0707	8.8537	0
0.43411	8.9185	0
-0.20543	8.9375	0
-0.8447	8.9107	0
-1.4804	8.8383	0
-2.1094	8.7208	0
-2.7283	8.5587	0
-3.3342	8.3529	0
-3.9239	8.1046	0
-4.4944	7.815	0
-5.043	7.4857	0
-5.5669	7.1184	0
-6.0635	6.7149	0
-6.5303	6.2773	0
-6.965	5.8078	0
-7.3656	5.3089	0
-7.73	4.7829	0
-8.0565	4.2327	0
-8.3435	3.6608	0
-8.5897	3.0702	0
-8.7939	2.4638	0
-8.9551	1.8446	0
-9.0726	1.2157	0
-9.1459	0.58001	0
-9.1746	-0.059197	0
-9.1588	-0.69885	0
-9.0984	-1.3359	0
-8.9939	-1.9671	0
-8.8457	-2.5896	0
-8.6548	-3.2003	0
-8.4219	-3.7963	0
-8.1484	-4.3747	0
-7.8355	-4.9329	0
-7.4848	-5.4681	0
-7.098	-5.9778	0
-6.677	-6.4597	0
-6.2239	-6.9114	0
-5.7407	-7.3309	0
-5.2299	-7.7163	0
-4.6938	-8.0657	0
-4.1351	-8.3775	0
-3.5563	-8.6503	0
-2.9602	-8.883	0
-2.3496	-9.0743	0
-1.7274	-9.2236	0
-1.0964	-9.3301	0
-0.45971	-9.3934	0
0.17986	-9.4133	0
0.8193	-9.3896	0
1.4557	-9.3227	0
2.086	-9.2127	0
2.7075	-9.0603	0
3.3173	-8.8663	0
3.9125	-8.6315	0
4.4905	-8.357	0
5.0488	-8.0442	0
5.5847	-7.6946	0
6.0958	-7.3096	0
6.58	-6.8912	0
7.0349	-6.4413	0
7.4587	-5.9618	0
7.8494	-5.455	0
8.2053	-4.9233	0
8.5249	-4.3689	0
8.8068	-3.7944	0
9.0497	-3.2024	0
9.2526	-2.5956	0
9.4147	-1.9765	0
9.5353	-1.3481	0
9.6139	-0.71303	0
9.6501	-0.074159	0
9.644	0.56571	0
9.5955	1.2038	0
9.5049	1.8372	0
9.3727	2.4633	0
9.1994	3.0793	0
8.9859	3.6826	0
8.7331	4.2704	0
8.4422	4.8404	0
8.1144	5.39	0
7.7513	5.9169	0
7.3544	6.4189	0
6.9255	6.8937	0
6.4664	7.3395	0
5.9791	7.7543	0
5.4658	8.1364	0
4.9287	8.4842	0
4.37	8.7963	0
3.7922	9.0712	0
3.1977	9.3081	0
2.589	9.5058	0
1.9689	9.6635	0
1.3398	9.7807	0
0.7044	9.8569	0
0.065425	9.8918	0
-0.57447	9.8854	0
-1.2126	9.8376	0
-1.8463	9.7487	0
-2.473	9.6192	0
-3.0901	9.4495	0
-3.6949	9.2406	0
-4.2851	8.9932	0
-4.8582	8.7084	0
-5.4118	8.3874	0
-5.9437	8.0316	0
-6.4517	7.6425	0
-6.9339	7.2217	0
-7.3881	6.771	0
-7.8127	6.2921	0
-8.2059	5.7872	0
-8.5661	5.2583	0
-8.8919	4.7075	0
-9.1821	4.1371	0
-9.4354	3.5495	0
-9.651	2.9469	0
-9.8279	2.3319	0
-9.9655	1.7069	0
-10.063	1.0745	0
-10.121	0.43715	0
-10.138	-0.20257	0
-10.115	-0.8421	0
-10.052	-1.4789	0
-9.9485	-2.1105	0
-9.8056	-2.7343	0
-9.6239	-3.3479	0
-9.404	-3.9489	0
-9.1468	-4.5349	0
-8.8534	-5.1036	0
-8.525	-5.6529	0
-8.1629	-6.1806	0
-7.7685	-6.6846	0
-7.3435	-7.163	0
-6.8894	-7.614	0
-6.4082	-8.0358	0
-5.9016	-8.4269	0
-5.3717	-8.7857	0
-4.8205	-9.1109	0
-4.2502	-9.4012	0
-3.6629	-9.6557	0
-3.0611	-9.8733	0
-2.4469	-10.053	0
-1.8228	-10.195	0
-1.1912	-10.298	0
-0.55437	-10.361	0
0.085145	-10.386	0
0.72494	-10.37	0
1.3626	-10.316	0
1.9957	-10.222	0
2.6218	-10.09	0
3.2387	-9.9195	0
3.844	-9.7115	0
4.4353	-9.4668	0
5.0106	-9.1865	0
5.5677	-8.8714	0
6.1045	-8.523	0
6.6191	-8.1424	0
7.1095	-7.7312	0
7.5739	-7.2909	0
8.0107	-6.8231	0
8.4183	-6.3297	0
8.7951	-5.8124	0
9.1398	-5.2732	0
9.4513	-4.7141	0
9.7283	-4.1371	0
9.9698	-3.5445	0
10.175	-2.9383	0
10.343	-2.3208	0
10.474	-1.6943	0
10.567	-1.0611	0
10.621	-0.42339	0
10.637	0.21642	0
10.615	0.85603	0
10.554	1.4931	0
10.455	2.1254	0
10.318	2.7507	0
10.144	3.3666	0
9.9337	3.971	0
9.6874	4.5617	0
9.4063	5.1367	0
9.0914	5.6938	0
8.7438	6.2312	0
8.3648	6.747	0
7.9557	7.2392	0
7.5182	7.7063	0
7.0536	8.1465	0
6.5637	8.5584	0
6.0503	8.9405	0
5.5151	9.2915	0
5.2248	8.8025	0
4.9346	8.3135	0
4.6443	7.8244	0
4.354	7.3354	0
4.0638	6.8464	0
3.7735	6.3574	0
3.4832	5.8683	0
3.1929	5.3793	0
2.9027	4.8903	0
2.6124	4.4013	0
2.3221	3.9122	0
2.0319	3.4232	0
1.7416	2.9342	0
1.4513	2.4451	0
1.1611	1.9561	0
0.8708	1.4671	0
0.58054	0.97806	0
0.29027	0.48903	0
0	0	0
0	0	0.13592
-0.29027	0.48903	0.27185
-0.58054	0.97806	0.40777
-0.8708	1.4671	0.54369
-1.1611	1.9561	0.67961
-1.4513	2.4451	0.81554
-1.7416	2.9342	0.95146
-2.0319	3.4232	1.0874
-2.3221	3.9122	1.2233
-2.6124	4.4013	1.3592
-2.9027	4.8903	1.4951
-3.1929	5.3793	1.6311
-3.4832	5.8683	1.767
-3.7735	6.3574	1.9029
-4.0638	6.8464	2.0388
-4.354	7.3354	1.9029
-4.6443	7.8244	1.767
-4.9346	8.3135	1.6311
-5.2248	8.8025	1.4951
-5.5151	9.2915	1.3592
-6.0503	8.9405	1.2233
-6.5637	8.5584	1.0874
-7.0536	8.1465	0.95146
-7.5182	7.7063	0.81554
-7.9557	7.2392	0.67961
-8.3648	6.747	0.54369
-8.7438	6.2312	0.40777
-9.0914	5.6938	0.27185
-9.4063	5.1367	0.13592
-9.6874	4.5617	0
-9.9337	3.971	1.0186e-14
-10.144	3.3666	0
-10.318	2.7507	0
-10.455	2.1254	0
-10.554	1.4931	0
-10.615	0.85603	0
-10.637	0.21642	0
-10.621	-0.42339	0
-10.567	-1.0611	0
-10.474	-1.6943	0
-10.343	-2.3208	0
-10.175	-2.9383	0
-9.9698	-3.5445	0
-9.7283	-4.1371	0
-9.4513	-4.7141	0
-9.1398	-5.2732	0
-8.7951	-5.8124	0
-8.4183	-6.3297	0
-8.0107	-6.8231	0
-7.5739	-7.2909	0
-7.1095	-7.7312	0
-6.6191	-8.1424	0
-6.1045	-8.523	0
-5.5677	-8.8714	0
-5.0106	-9.1865	0
-4.4353	-9.4668	0
-3.844	-9.7115	0
-3.2387	-9.9195	0
-2.6218	-10.09	0
-1.9957	-10.222	0
-1.3626	-10.316	0
-0.72494	-10.37	0
-0.085145	-10.386	0
0.55437	-10.361	0
1.1912	-10.298	0
1.8228	-10.195	0
2.4469	-10.053	0
3.0611	-9.8733	0
3.6629	-9.6557	0
4.2502	-9.4012	0
4.8205	-9.1109	0
5.3717	-8.7857	0
5.9016	-8.4269	0
6.4082	-8.0358	0
6.8894	-7.614	0
7.3435	-7.163	0
7.7685	-6.6846	0
8.1629	-6.1806	0
8.525	-5.6529	0
8.8534	-5.1036	0
9.1468	-4.5349	0
9.404	-3.9489	0
9.6239	-3.3479	0
9.8056	-2.7343	0
9.9485	-2.1105	0
10.052	-1.4789	0
10.115	-0.8421	0
10.138	-0.20257	0
10.121	0.43715	0
10.063	1.0745	0
9.9655	1.7069	0
9.8279	2.3319	0
9.651	2.9469	0
9.4354	3.5495	0
9.1821	4.1371	0
8.8919	4.7075	0
8.5661	5.2583	0
8.2059	5.7872	0
7.8127	6.2921	0
7.3881	6.771	0
6.9339	7.2217	0
6.4517	7.6425	0
5.9437	8.0316	0
5.4118	8.3874	0
4.8582	8.7084	0
4.2851	8.9932	0
3.6949	9.2406	0
3.0901	9.4495	0
2.473	9.6192	0
1.8463	9.7487	0
1.2126	9.8376	0
0.57447	9.8854	0
-0.065425	9.8918	0
-0.7044	9.8569	0
-1.3398	9.7807	0
-1.9689	9.6635	0
-2.589	9.5058	0
-3.1977	9.3081	0
-3.7922	9.0712	0
-4.37	8.7963	0
-4.9287	8.4842	0
-5.4658	8.1364	0
-5.9791	7.7543	0
-6.4664	7.3395	0
-6.9255	6.8937	0
-7.3544	6.4189	0
-7.7513	5.9169	0
-8.1144	5.39	0
-8.4422	4.8404	0
-8.7331	4.2704	0
-8.9859	3.6826	0
-9.1994	3.0793	0
-9.3727	2.4633	0
-9.5049	1.8372	0
-9.5955	1.2038	0
-9.644	0.56571	0
-9.6501	-0.074159	0
-9.6139	-0.71303	0
-9.5353	-1.3481	0
-9.4147	-1.9765	0
-9.2526	-2.5956	0
-9.0497	-3.2024	0
-8.8068	-3.7944	0
-8.5249	-4.3689	0
-8.2053	-4.9233	0
-7.8494	-5.455	0
-7.4587	-5.9618	0
-7.0349	-6.4413	0
-6.58	-6.8912	0
-6.0958	-7.3096	0
-5.5847	-7.6946	0
-5.0488	-8.0442	0
-4.4905	-8.357	0
-3.9125	-8.6315	0
-3.3173	-8.8663	0
-2.7075	-9.0603	0
-2.086	-9.2127	0
-1.4557	-9.3227	0
-0.8193	-9.3896	0
-0.17986	-9.4133	0
0.45971	-9.3934	0
1.0964	-9.3301	0
1.7274	-9.2236	0
2.3496	-9.0743	0
2.9602	-8.883	0
3.5563	-8.6503	0
4.1351	-8.3775	0
4.6938	-8.0657	0
5.2299	-7.7163	0
5.7407	-7.3309	0
6.2239	-6.9114	0
6.677	-6.4597	0
7.098	-5.9778	0
7.4848	-5.4681	0
7.8355	-4.9329	0
8.1484	-4.3747	0
8.4219	-3.7963	0
8.6548	-3.2003	0
8.8457	-2.5896	0
8.9939	-1.9671	0
9.0984	-1.3359	0
9.1588	-0.69885	0
9.1746	-0.059197	0
9.1459	0.58001	0
9.0726	1.2157	0
8.9551	1.8446	0
8.7939	2.4638	0
8.5897	3.0702	0
8.3435	3.6608	0
8.0565	4.2327	0
7.73	4.7829	0
7.3656	5.3089	0
6.965	5.8078	0
6.5303	6.2773	0
6.0635	6.7149	0
5.5669	7.1184	0
5.043	7.4857	0
4.4944	7.815	0
3.9239	8.1046	0
3.3342	8.3529	0
2.7283	8.5587	0
2.1094	8.7208	0
1.4804	8.8383	0
0.8447	8.9107	0
0.20543	8.9375	0
-0.43411	8.9185	0
-1.0707	8.8537	0
-1.7009	8.7435	0
-2.3216	8.5883	0
-2.9296	8.3888	0
-3.5216	8.1462	0
-4.0946	7.8615	0
-4.6455	7.5362	0
-5.1716	7.1719	0
-5.6699	6.7706	0
-6.1378	6.3343	0
-6.5729	5.8651	0
-6.9727	5.3656	0
-7.3352	4.8384	0
-7.6584	4.2862	0
-7.9404	3.7119	0
-8.1799	3.1186	0
-8.3753	2.5094	0
-8.5256	1.8875	0
-8.63	1.2563	0
-8.6879	0.61908	0
-8.6988	-0.020635	0
-8.6626	-0.65942	0
-8.5795	-1.2938	0
-8.4499	-1.9203	0
-8.2745	-2.5356	0
-8.054	-3.1362	0
-7.7897	-3.7189	0
-7.4829	-4.2803	0
-7.1354	-4.8175	0
-6.7489	-5.3274	0
-6.3256	-5.8071	0
-5.8677	-6.2539	0
-5.3778	-6.6654	0
-4.8585	-7.0391	0
-4.3127	-7.373	0
-3.7435	-7.6651	0
-3.154	-7.9137	0
-2.5475	-8.1173	0
-1.9274	-8.2748	0
-1.2972	-8.3851	0
-0.66049	-8.4477	0
-0.02087	-8.462	0
0.618	-8.4279	0
1.2525	-8.3456	0
1.8789	-8.2155	0
2.4936	-8.0382	0
3.093	-7.8147	0
3.6738	-7.5462	0
4.2323	-7.2343	0
4.7655	-6.8807	0
5.2701	-6.4874	0
5.7431	-6.0566	0
6.1817	-5.5909	0
6.5833	-5.0929	0
6.9455	-4.5655	0
7.266	-4.0118	0
7.5429	-3.4351	0
7.7745	-2.8387	0
7.9593	-2.2263	0
8.0961	-1.6013	0
8.1842	-0.96766	0
8.2228	-0.32907	0
8.2117	0.31058	0
8.1508	0.94742	0
8.0405	1.5776	0
7.8814	2.1972	0
7.6743	2.8025	0
7.4205	3.3898	0
7.1214	3.9553	0
6.7789	4.4956	0
6.395	5.0073	0
5.972	5.4872	0
5.5124	5.9323	0
5.0192	6.3397	0
4.4952	6.7068	0
3.9439	7.0313	0
3.3686	7.311	0
2.7728	7.5441	0
2.1604	7.7291	0
1.5353	7.8647	0
0.90126	7.95	0
0.26246	7.9844	0
-0.37704	7.9675	0
-1.0131	7.8994	0
-1.6417	7.7805	0
-2.2586	7.6114	0
-2.86	7.3932	0
-3.4418	7.1272	0
-4.0002	6.8151	0
-4.5315	6.4588	0
-5.0321	6.0606	0
-5.4989	5.6231	0
-5.9285	5.1491	0
-6.318	4.6417	0
-6.6649	4.1043	0
-6.9668	3.5403	0
-7.2215	2.9535	0
-7.4272	2.3478	0
-7.5825	1.7272	0
-7.6863	1.096	0
-7.7378	0.45838	0
-7.7365	-0.18131	0
-7.6823	-0.81869	0
-7.5756	-1.4494	0
-7.4169	-2.0691	0
-7.2074	-2.6735	0
-6.9483	-3.2584	0
-6.6414	-3.8196	0
-6.2888	-4.3533	0
-5.8927	-4.8556	0
-5.456	-5.323	0
-4.9817	-5.7521	0
-4.4729	-6.1399	0
-3.9334	-6.4835	0
-3.3668	-6.7803	0
-2.7771	-7.0282	0
-2.1686	-7.2254	0
-1.5456	-7.3703	0
-0.91248	-7.4618	0
-0.27392	-7.4991	0
0.3655	-7.4818	0
1.0011	-7.4101	0
1.6283	-7.2842	0
2.2423	-7.1051	0
2.8387	-6.874	0
3.4131	-6.5925	0
3.9611	-6.2626	0
4.4785	-5.8866	0
4.9616	-5.4673	0
5.4065	-5.0077	0
5.8098	-4.5113	0
6.1685	-3.9817	0
6.4797	-3.4229	0
6.741	-2.8391	0
6.9503	-2.2347	0
7.1058	-1.6143	0
7.2063	-0.98262	0
7.2509	-0.34456	0
7.2391	0.29494	0
7.171	0.9309	0
7.0468	1.5584	0
6.8677	2.1723	0
6.6347	2.768	0
6.3496	3.3406	0
6.0147	3.8855	0
5.6325	4.3983	0
5.206	4.8749	0
4.7384	5.3113	0
4.2336	5.704	0
3.6954	6.0496	0
3.1283	6.3454	0
2.5368	6.5886	0
1.9257	6.7773	0
1.3	6.9098	0
0.66488	6.9849	0
0.025536	7.0017	0
-0.61268	6.9602	0
-1.2444	6.8604	0
-1.8643	6.7031	0
-2.4672	6.4895	0
-3.0478	6.2214	0
-3.6012	5.9008	0
-4.1226	5.5304	0
-4.6074	5.1133	0
-5.0514	4.653	0
-5.4506	4.1534	0
-5.8014	3.6187	0
-6.1008	3.0535	0
-6.3458	2.4628	0
-6.5343	1.8517	0
-6.6645	1.2256	0
-6.735	0.58993	0
-6.7451	-0.049503	0
-6.6946	-0.68702	0
-6.5838	-1.3168	0
-6.4135	-1.9333	0
-6.1852	-2.5306	0
-5.9007	-3.1034	0
-5.5627	-3.6462	0
-5.1741	-4.1541	0
-4.7384	-4.6222	0
-4.2595	-5.046	0
-3.7418	-5.4214	0
-3.1902	-5.7449	0
-2.6097	-6.0132	0
-2.0058	-6.2236	0
-1.3843	-6.3739	0
-0.75102	-6.4626	0
-0.11209	-6.4887	0
0.52629	-6.4518	0
1.1579	-6.352	0
1.7765	-6.1901	0
2.376	-5.9677	0
2.9504	-5.6867	0
3.4939	-5.3498	0
4.001	-4.9603	0
4.4665	-4.5218	0
4.8855	-4.0388	0
5.2536	-3.516	0
5.5671	-2.9587	0
5.8224	-2.3725	0
6.0168	-1.7633	0
6.148	-1.1376	0
6.2147	-0.50166	0
6.2158	0.13773	0
6.1512	0.77385	0
6.0213	1.3999	0
5.8275	2.0092	0
5.5715	2.5951	0
5.256	3.1512	0
4.8842	3.6713	0
4.46	4.1497	0
3.988	4.581	0
3.4733	4.9602	0
2.9214	5.283	0
2.3385	5.5455	0
1.731	5.7447	0
1.1057	5.878	0
0.46976	5.9438	0
-0.16954	5.941	0
-0.80484	5.8695	0
-1.4287	5.7299	0
-2.0338	5.5235	0
-2.6129	5.2528	0
-3.1591	4.9205	0
-3.6657	4.5306	0
-4.1264	4.0875	0
-4.5357	3.5964	0
-4.8882	3.0631	0
-5.1794	2.4941	0
-5.4056	1.8962	0
-5.5637	1.2768	0
-5.6515	0.64363	0
-5.6676	0.004616	0
-5.6115	-0.63213	0
-5.4838	-1.2584	0
-5.2857	-1.8662	0
-5.0197	-2.4474	0
-4.6889	-2.9943	0
-4.2975	-3.4997	0
-3.8505	-3.9565	0
-3.3536	-4.3585	0
-2.8134	-4.7001	0
-2.237	-4.9763	0
-1.6323	-5.1831	0
-1.0074	-5.3173	0
-0.37106	-5.3769	0
0.26783	-5.3606	0
0.90024	-5.2683	0
1.5171	-5.1012	0
2.1094	-4.8611	0
2.6684	-4.5515	0
3.1858	-4.1764	0
3.6537	-3.7412	0
4.0649	-3.252	0
4.413	-2.7162	0
4.6924	-2.1415	0
4.8984	-1.5366	0
5.0276	-0.91079	0
5.0775	-0.27376	0
5.0469	0.36447	0
4.936	0.99372	0
4.7462	1.6038	0
4.4801	2.1847	0
4.1418	2.7266	0
3.7364	3.2205	0
3.2706	3.6577	0
2.7518	4.0305	0
2.1886	4.3321	0
1.5907	4.5571	0
0.96827	4.7008	0
0.33226	4.7605	0
-0.30599	4.7345	0
-0.9349	4.6227	0
-1.5429	4.4268	0
-2.1184	4.1499	0
-2.6506	3.7967	0
-3.1289	3.3735	0
-3.5438	2.888	0
-3.8868	2.3492	0
-4.1506	1.7676	0
-4.3293	1.1546	0
-4.4188	0.52228	0
-4.4165	-0.11626	0
-4.322	-0.74774	0
-4.1365	-1.3587	0
-3.8634	-1.9358	0
-3.5079	-2.4661	0
-3.0774	-2.9375	0
-2.5811	-3.339	0
-2.0297	-3.6606	0
-1.4356	-3.8942	0
-0.81279	-4.0337	0
-0.17587	-4.0746	0
0.45957	-4.0153	0
1.0776	-3.8563	0
1.6623	-3.6007	0
2.1981	-3.2542	0
2.6703	-2.8252	0
3.0656	-2.3244	0
3.3721	-1.765	0
3.5803	-1.1621	0
3.6831	-0.53258	0
3.6762	0.10513	0
3.5585	0.73186	0
3.3324	1.328	0
3.0037	1.8743	0
2.5817	2.3521	0
2.0794	2.7445	0
1.5131	3.0367	0
0.90187	3.2168	0
0.26759	3.2764	0
-0.36606	3.2114	0
-0.97414	3.0222	0
-1.5314	2.7143	0
-2.0134	2.2984	0
-2.3973	1.7909	0
-2.6635	1.213	0
-2.7964	0.59099	0
-2.7862	-0.044734	0
-2.6299	-0.66076	0
-2.332	-1.2219	0
-1.9063	-1.693	0
-1.3756	-2.041	0
-0.77274	-2.2378	0
-0.13953	-2.2627	0
0.47395	-2.1062	0
1.0118	-1.7736	0
1.4162	-1.2884	0
1.6333	-0.69619	0
1.6222	-0.066701	0
1.3685	0.50815	0
0.899	0.92385	0
0.29425	1.0856	0
-0.30237	0.92593	0
-0.43239	0.38967	0
0	0	0.13032
0	0	0.26065
0	0	0.39097
0	0	0.52129
0	0	0.65162
0	0	0.78194
0	0	0.91226
0	0	1.0426
0	0	1.1729
0	0	1.3032
0	0	1.4336
0	0	1.5639
0	0	1.6942
0	0	1.8245
0	0	1.9549
0	0	2.0852
0	0	1.9549
0	0	1.8245
0	0	1.6942
0	0	1.5639
0	0	1.4336
0	0	1.3032
0	0	1.1729
0	0	1.0426
0	0	0.91226
0	0	0.78194
0	0	0.65162
0	0	0.52129
0	0	0.39097
0	0	0.26065
0	0	0.13032
0	0	0
0	0	-1.0186e-14
0.40491	-0.4258	0
0.96855	-0.35818	0
1.1772	0.21746	0
1.0666	0.83579	0
0.70743	1.3519	0
0.1733	1.6855	0
-0.44706	1.7991	0
-1.0695	1.6921	0
-1.625	1.3899	0
-2.0633	0.93306	0
-2.3525	0.36924	0
-2.4772	-0.25256	0
-2.4358	-0.88585	0
-2.2372	-1.4891	0
-1.8992	-2.027	0
-1.4451	-2.4719	0
-0.90226	-2.8031	0
-0.29983	-3.0074	0
0.33253	-3.0787	0
0.96607	-3.017	0
1.574	-2.8278	0
2.1325	-2.5216	0
2.6208	-2.1126	0
3.0221	-1.6177	0
3.3237	-1.0564	0
3.517	-0.44905	0
3.5972	0.18334	0
3.5635	0.81999	0
3.4186	1.441	0
3.1687	2.0276	0
2.8224	2.5632	0
2.3909	3.033	0
1.8875	3.4248	0
1.3267	3.7289	0
0.72394	3.9382	0
0.09545	4.0485	0
-0.54262	4.058	0
-1.1744	3.9676	0
-1.7846	3.7806	0
-2.359	3.5024	0
-2.8847	3.1402	0
-3.3501	2.7033	0
-3.7454	2.202	0
-4.0625	1.6479	0
-4.2955	1.0534	0
-4.4399	0.43149	0
-4.4937	-0.20477	0
-4.4565	-0.84225	0
-4.3298	-1.4681	0
-4.1167	-2.0702	0
-3.8221	-2.6368	0
-3.4522	-3.1575	0
-3.0146	-3.6227	0
-2.5179	-4.0243	0
-1.9716	-4.3553	0
-1.3859	-4.6103	0
-0.77154	-4.7852	0
-0.13943	-4.8775	0
0.49934	-4.8862	0
1.1338	-4.8116	0
1.7534	-4.6556	0
2.3477	-4.4212	0
2.9073	-4.1129	0
3.4232	-3.736	0
3.8874	-3.2969	0
4.2929	-2.8032	0
4.6337	-2.2626	0
4.9048	-1.684	0
5.1025	-1.0764	0
5.2243	-0.44904	0
5.2686	0.18845	0
5.2353	0.82663	0
5.1252	1.4561	0
4.9404	2.0679	0
4.6839	2.6533	0
4.3597	3.204	0
3.9726	3.7126	0
3.5285	4.1722	0
3.0336	4.5766	0
2.4949	4.9207	0
1.92	5.2	0
1.3168	5.4112	0
0.69322	5.5517	0
0.057698	5.62	0
-0.58149	5.6156	0
-1.2161	5.5389	0
-1.838	5.3911	0
-2.4394	5.1744	0
-3.0128	4.8919	0
-3.5512	4.5473	0
-4.0481	4.1451	0
-4.4976	3.6906	0
-4.8945	3.1894	0
-5.2341	2.6478	0
-5.5127	2.0724	0
-5.7272	1.4702	0
-5.8753	0.84826	0
-5.9555	0.21401	0
-5.9673	-0.4252	0
-5.9107	-1.062	0
-5.7866	-1.6892	0
-5.5967	-2.2997	0
-5.3433	-2.8867	0
-5.0296	-3.4438	0
-4.6591	-3.9649	0
-4.2362	-4.4444	0
-3.7657	-4.8773	0
-3.2528	-5.2591	0
-2.7032	-5.5858	0
-2.1228	-5.8541	0
-1.518	-6.0614	0
-0.89505	-6.2058	0
-0.26067	-6.2859	0
0.37857	-6.3011	0
1.0161	-6.2515	0
1.6453	-6.1378	0
2.2599	-5.9613	0
2.8537	-5.7241	0
3.4209	-5.4287	0
3.9558	-5.0783	0
4.4532	-4.6765	0
4.9085	-4.2274	0
5.3171	-3.7356	0
5.6755	-3.2059	0
5.9801	-2.6437	0
6.2283	-2.0543	0
6.4179	-1.4436	0
6.5472	-0.81731	0
6.6152	-0.18143	0
6.6215	0.45804	0
6.5661	1.0951	0
6.4498	1.724	0
6.2738	2.3388	0
6.0399	2.934	0
5.7504	3.5043	0
5.4081	4.0445	0
5.0161	4.5498	0
4.5782	5.0159	0
4.0983	5.4387	0
3.5809	5.8146	0
3.0305	6.1403	0
2.4522	6.4133	0
1.8509	6.6312	0
1.232	6.7924	0
0.60076	6.8955	0
-0.037273	6.9399	0
-0.67668	6.9253	0
-1.312	6.852	0
-1.938	6.7208	0
-2.5494	6.5329	0
-3.1411	6.2901	0
-3.7083	5.9944	0
-4.2463	5.6486	0
-4.7508	5.2554	0
-5.2177	4.8183	0
-5.6435	4.341	0
-6.0246	3.8273	0
-6.3582	3.2816	0
-6.6417	2.7083	0
-6.8729	2.1119	0
-7.0503	1.4974	0
-7.1723	0.86948	0
-7.2384	0.23327	0
-7.248	-0.40629	0
-7.2012	-1.0442	0
-7.0986	-1.6756	0
-6.941	-2.2955	0
-6.7298	-2.8993	0
-6.4667	-3.4823	0
-6.1539	-4.0402	0
-5.7937	-4.5689	0
-5.3892	-5.0643	0
-4.9432	-5.5229	0
-4.4594	-5.9414	0
-3.9414	-6.3166	0
-3.393	-6.646	0
-2.8185	-6.9271	0
-2.2219	-7.1582	0
-1.6079	-7.3374	0
-0.98083	-7.4638	0
-0.34528	-7.5364	0
0.29414	-7.5549	0
0.93283	-7.5193	0
1.5662	-7.4299	0
2.1899	-7.2874	0
2.7993	-7.0931	0
3.3904	-6.8483	0
3.9588	-6.555	0
4.5008	-6.2151	0
5.0126	-5.8313	0
5.4907	-5.4063	0
5.9319	-4.9431	0
6.3332	-4.4449	0
6.6919	-3.9152	0
7.0058	-3.3578	0
7.2727	-2.7764	0
7.4909	-2.1751	0
7.6592	-1.5578	0
7.7763	-0.92893	0
7.8417	-0.29255	0
7.855	0.34704	0
7.8163	0.98561	0
7.7259	1.6189	0
7.5844	2.2428	0
7.393	2.8533	0
7.1529	3.4463	0
6.8659	4.018	0
6.5338	4.5648	0
6.1589	5.0832	0
5.7437	5.5699	0
5.291	6.0219	0
4.8036	6.4364	0
4.2847	6.8107	0
3.7378	7.1425	0
3.1663	7.43	0
2.5737	7.6713	0
1.964	7.865	0
1.3409	8.01	0
0.70826	8.1055	0
0.070105	8.151	0
-0.56966	8.1463	0
-1.2071	8.0914	0
-1.8383	7.987	0
-2.4594	7.8336	0
-3.0667	7.6322	0
-3.6565	7.3843	0
-4.2253	7.0914	0
-4.7696	6.7552	0
-5.2864	6.378	0
-5.7725	5.962	0
-6.2251	5.5098	0
-6.6415	5.024	0
-7.0195	4.5078	0
-7.3567	3.9641	0
-7.6513	3.3962	0
-7.9017	2.8074	0
-8.1065	2.2012	0
-8.2645	1.5812	0
-8.375	0.95102	0
-8.4373	0.31425	0
-8.4512	-0.32542	0
-8.4167	-0.96431	0
-8.334	-1.5988	0
-8.2038	-2.2252	0
-8.0268	-2.8401	0
-7.8041	-3.4399	0
-7.5371	-4.0213	0
-7.2273	-4.5812	0
-6.8765	-5.1163	0
-6.4868	-5.6237	0
-6.0603	-6.1007	0
-5.5996	-6.5447	0
-5.1071	-6.9532	0
-4.5858	-7.3241	0
-4.0384	-7.6554	0
-3.468	-7.9454	0
-2.8778	-8.1924	0
-2.2709	-8.3954	0
-1.6509	-8.5531	0
-1.0208	-8.6649	0
-0.38433	-8.7303	0
0.25526	-8.7488	0
0.89449	-8.7206	0
1.53	-8.6458	0
2.1583	-8.525	0
2.7762	-8.3587	0
3.3804	-8.1481	0
3.9677	-7.8941	0
4.5351	-7.5984	0
5.0797	-7.2623	0
5.5986	-6.8879	0
6.0891	-6.4771	0
6.5488	-6.032	0
6.9754	-5.555	0
7.3667	-5.0487	0
7.7206	-4.5157	0
8.0356	-3.9587	0
8.31	-3.3806	0
8.5425	-2.7844	0
8.732	-2.1732	0
8.8775	-1.5501	0
8.9785	-0.91825	0
9.0344	-0.28081	0
9.0451	0.359	0
9.0105	0.99796	0
8.931	1.6329	0
8.8069	2.2607	0
8.639	2.8781	0
8.4281	3.4823	0
8.1754	4.0702	0
7.8821	4.6389	0
7.5497	5.1857	0
7.18	5.708	0
6.7747	6.2033	0
6.336	6.6691	0
5.8659	7.1033	0
5.3668	7.5038	0
4.8412	7.8687	0
4.2915	8.1964	0
3.7205	8.4853	0
3.131	8.7341	0
2.5256	8.9417	0
1.9074	9.1071	0
1.2794	9.2296	0
0.64433	9.3087	0
0.0053823	9.3441	0
-0.6345	9.3357	0
-1.2723	9.2835	0
-1.9051	9.188	0
-2.5298	9.0495	0
-3.1437	8.8688	0
-3.744	8.6468	0
-4.3277	8.3846	0
-4.8923	8.0834	0
-5.4353	7.7447	0
-5.9541	7.3701	0
-6.4465	6.9612	0
-6.9101	6.5202	0
-7.343	6.0489	0
-7.7433	5.5495	0
-8.1091	5.0244	0
-8.4389	4.476	0
-8.7313	3.9067	0
-8.9849	3.3192	0
-9.1987	2.716	0
-9.3718	2.0999	0
-9.5035	1.4736	0
-9.5932	0.83995	0
-9.6407	0.20174	0
-9.6457	-0.43821	0
-9.6084	-1.0771	0
-9.5288	-1.7121	0
-9.4075	-2.3405	0
-9.2449	-2.9595	0
-9.042	-3.5664	0
-8.7995	-4.1587	0
-8.5186	-4.7337	0
-8.2006	-5.2891	0
-7.8469	-5.8225	0
-7.459	-6.3315	0
-7.0387	-6.8141	0
-6.5877	-7.2682	0
-6.1081	-7.692	0
-5.602	-8.0836	0
-5.0714	-8.4415	0
-4.5187	-8.7642	0
-3.9462	-9.0503	0
-3.3564	-9.2988	0
-2.7517	-9.5085	0
-2.1348	-9.6788	0
-1.5081	-9.8088	0
-0.87442	-9.8983	0
-0.23625	-9.9467	0
0.40372	-9.954	0
1.0428	-9.9202	0
1.6785	-9.8455	0
2.308	-9.7303	0
2.9289	-9.575	0
3.5386	-9.3804	0
4.1347	-9.1472	0
4.7147	-8.8766	0
5.2762	-8.5696	0
5.8172	-8.2275	0
6.3353	-7.8517	0
6.8286	-7.4439	0
7.295	-7.0056	0
7.7328	-6.5388	0
8.1403	-6.0452	0
8.5158	-5.5269	0
8.8579	-4.9859	0
9.1652	-4.4245	0
9.4367	-3.8449	0
9.6713	-3.2494	0
9.868	-2.6403	0
10.026	-2.0202	0
10.145	-1.3913	0
10.225	-0.75622	0
10.265	-0.11741	0
10.265	0.52265	0
10.225	1.1615	0
10.146	1.7966	0
10.027	2.4255	0
9.8692	3.0459	0
9.6736	3.6553	0
9.4406	4.2515	0
9.1713	4.8321	0
8.8666	5.395	0
8.5278	5.9381	0
8.1562	6.4592	0
7.7533	6.9566	0
7.3206	7.4283	0
6.8598	7.8725	0
6.3726	8.2877	0
5.861	8.6723	0
5.3267	9.0249	0
5.0308	8.5235	0
4.7349	8.0221	0
4.439	7.5207	0
4.143	7.0194	0
3.8471	6.518	0
3.5512	6.0166	0
3.2552	5.5152	0
2.9593	5.0138	0
2.6634	4.5124	0
2.3674	4.0111	0
2.0715	3.5097	0
1.7756	3.0083	0
1.4797	2.5069	0
1.1837	2.0055	0
0.88779	1.5041	0
0.59186	1.0028	0
0.29593	0.50138	0
0	0	0
0	0	0.12815
-0.29593	0.50138	0.2563
-0.59186	1.0028	0.38445
-0.88779	1.5041	0.51261
-1.1837	2.0055	0.64076
-1.4797	2.5069	0.76891
-1.7756	3.0083	0.89706
-2.0715	3.5097	1.0252
-2.3674	4.0111	1.1534
-2.6634	4.5124	1.2815
-2.9593	5.0138	1.4097
-3.2552	5.5152	1.5378
-3.5512	6.0166	1.666
-3.8471	6.518	1.7941
-4.143	7.0194	1.9223
-4.439	7.5207	2.0504
-4.7349	8.0221	2.1786
-5.0308	8.5235	2.0504
-5.3267	9.0249	1.9223
-5.861	8.6723	1.7941
-6.3726	8.2877	1.666
-6.8598	7.8725	1.5378
-7.3206	7.4283	1.4097
-7.7533	6.9566	1.2815
-8.1562	6.4592	1.1534
-8.5278	5.9381	1.0252
-8.8666	5.395	0.89706
-9.1713	4.8321	0.76891
-9.4406	4.2515	0.64076
-9.6736	3.6553	0.51261
-9.8692	3.0459	0.38445
-10.027	2.4255	0.2563
-10.146	1.7966	0.12815
-10.225	1.1615	0
-10.265	0.52265	-8.1488e-14
-10.265	-0.11741	0
-10.225	-0.75622	0
-10.145	-1.3913	0
-10.026	-2.0202	0
-9.868	-2.6403	0
-9.6713	-3.2494	0
-9.4367	-3.8449	0
-9.1652	-4.4245	0
-8.8579	-4.9859	0
-8.5158	-5.5269	0
-8.1403	-6.0452	0
-7.7328	-6.5388	0
-7.295	-7.0056	0
-6.8286	-7.4439	0
-6.3353	-7.8517	0
-5.8172	-8.2275	0
-5.2762	-8.5696	0
-4.7147	-8.8766	0
-4.1347	-9.1472	0
-3.5386	-9.3804	0
-2.9289	-9.575	0
-2.308	-9.7303	0
-1.6785	-9.8455	0
-1.0428	-9.9202	0
-0.40372	-9.954	0
0.23625	-9.9467	0
0.87442	-9.8983	0
1.5081	-9.8088	0
2.1348	-9.6788	0
2.7517	-9.5085	0
3.3564	-9.2988	0
3.9462	-9.0503	0
4.5187	-8.7642	0
5.0714	-8.4415	0
5.602	-8.0836	0
6.1081	-7.692	0
6.5877	-7.2682	0
7.0387	-6.8141	0
7.459	-6.3315	0
7.8469	-5.8225	0
8.2006	-5.2891	0
8.5186	-4.7337	0
8.7995	-4.1587	0
9.042	-3.5664	0
9.2449	-2.9595	0
9.4075	-2.3405	0
9.5288	-1.7121	0
9.6084	-1.0771	0
9.6457	-0.43821	0
9.6407	0.20174	0
9.5932	0.83995	0
9.5035	1.4736	0
9.3718	2.0999	0
9.1987	2.716	0
8.9849	3.3192	0
8.7313	3.9067	0
8.4389	4.476	0
8.1091	5.0244	0
7.7433	5.5495	0
7.343	6.0489	0
6.9101	6.5202	0
6.4465	6.9612	0
5.9541	7.3701	0
5.4353	7.7447	0
4.8923	8.0834	0
4.3277	8.3846	0
3.744	8.6468	0
3.1437	8.8688	0
2.5298	9.0495	0
1.9051	9.188	0
1.2723	9.2835	0
0.6345	9.3357	0
-0.0053823	9.3441	0
-0.64433	9.3087	0
-1.2794	9.2296	0
-1.9074	9.1071	0
-2.5256	8.9417	0
-3.131	8.7341	0
-3.7205	8.4853	0
-4.2915	8.1964	0
-4.8412	7.8687	0
-5.3668	7.5038	0
-5.8659	7.1033	0
-6.336	6.6691	0
-6.7747	6.2033	0
-7.18	5.708	0
-7.5497	5.1857	0
-7.8821	4.6389	0
-8.1754	4.0702	0
-8.4281	3.4823	0
-8.639	2.8781	0
-8.8069	2.2607	0
-8.931	1.6329	0
-9.0105	0.99796	0
-9.0451	0.359	0
-9.0344	-0.28081	0
-8.9785	-0.91825	0
-8.8775	-1.5501	0
-8.732	-2.1732	0
-8.5425	-2.7844	0
-8.31	-3.3806	0
-8.0356	-3.9587	0
-7.7206	-4.5157	0
-7.3667	-5.0487	0
-6.9754	-5.555	0
-6.5488	-6.032	0
-6.0891	-6.4771	0
-5.5986	-6.8879	0
-5.0797	-7.2623	0
-4.5351	-7.5984	0
-3.9677	-7.8941	0
-3.3804	-8.1481	0
-2.7762	-8.3587	0
-2.1583	-8.525	0
-1.53	-8.6458	0
-0.89449	-8.7206	0
-0.25526	-8.7488	0
0.38433	-8.7303	0
1.0208	-8.6649	0
1.6509	-8.5531	0
2.2709	-8.3954	0
2.8778	-8.1924	0
3.468	-7.9454	0
4.0384	-7.6554	0
4.5858	-7.3241	0
5.1071	-6.9532	0
5.5996	-6.5447	0
6.0603	-6.1007	0
6.4868	-5.6237	0
6.8765	-5.1163	0
7.2273	-4.5812	0
7.5371	-4.0213	0
7.8041	-3.4399	0
8.0268	-2.8401	0
8.2038	-2.2252	0
8.334	-1.5988	0
8.4167	-0.96431	0
8.4512	-0.32542	0
8.4373	0.31425	0
8.375	0.95102	0
8.2645	1.5812	0
8.1065	2.2012	0
7.9017	2.8074	0
7.6513	3.3962	0
7.3567	3.9641	0
7.0195	4.5078	0
6.6415	5.024	0
6.2251	5.5098	0
5.7725	5.962	0
5.2864	6.378	0
4.7696	6.7552	0
4.2253	7.0914	0
3.6565	7.3843	0
3.0667	7.6322	0
2.4594	7.8336	0
1.8383	7.987	0
1.2071	8.0914	0
0.56966	8.1463	0
-0.070105	8.151	0
-0.70826	8.1055	0
-1.3409	8.01	0
-1.964	7.865	0
-2.5737	7.6713	0
-3.1663	7.43	0
-3.7378	7.1425	0
-4.2847	6.8107	0
-4.8036	6.4364	0
-5.291	6.0219	0
-5.7437	5.5699	0
-6.1589	5.0832	0
-6.5338	4.5648	0
-6.8659	4.018	0
-7.1529	3.4463	0
-7.393	2.8533	0
-7.5844	2.2428	0
-7.7259	1.6189	0
-7.8163	0.98561	0
-7.855	0.34704	0
-7.8417	-0.29255	0
-7.7763	-0.92893	0
-7.6592	-1.5578	0
-7.4909	-2.1751	0
-7.2727	-2.7764	0
-7.0058	-3.3578	0
-6.6919	-3.9152	0
-6.3332	-4.4449	0
-5.9319	-4.9431	0
-5.4907	-5.4063	0
-5.0126	-5.8313	0
-4.5008	-6.2151	0
-3.9588	-6.555	0
-3.3904	-6.8483	0
-2.7993	-7.0931	0
-2.1899	-7.2874	0
-1.5662	-7.4299	0
-0.93283	-7.5193	0
-0.29414	-7.5549	0
0.34528	-7.5364	0
0.98083	-7.4638	0
1.6079	-7.3374	0
2.2219	-7.1582	0
2.8185	-6.9271	0
3.393	-6.646	0
3.9414	-6.3166	0
4.4594	-5.9414	0
4.9432	-5.5229	0
5.3892	-5.0643	0
5.7937	-4.5689	0
6.1539	-4.0402	0
6.4667	-3.4823	0
6.7298	-2.8993	0
6.941	-2.2955	0
7.0986	-1.6756	0
7.2012	-1.0442	0
7.248	-0.40629	0
7.2384	0.23327	0
7.1723	0.86948	0
7.0503	1.4974	0
6.8729	2.1119	0
6.6417	2.7083	0
6.3582	3.2816	0
6.0246	3.8273	0
5.6435	4.341	0
5.2177	4.8183	0
4.7508	5.2554	0
4.2463	5.6486	0
3.7083	5.9944	0
3.1411	6.2901	0
2.5494	6.5329	0
1.938	6.7208	0
1.312	6.852	0
0.67668	6.9253	0
0.037273	6.9399	0
-0.60076	6.8955	0
-1.232	6.7924	0
-1.8509	6.6312	0
-2.4522	6.4133	0
-3.0305	6.1403	0
-3.5809	5.8146	0
-4.0983	5.4387	0
-4.5782	5.0159	0
-5.0161	4.5498	0
-5.4081	4.0445	0
-5.7504	3.5043	0
-6.0399	2.934	0
-6.2738	2.3388	0
-6.4498	1.724	0
-6.5661	1.0951	0
-6.6215	0.45804	0
-6.6152	-0.18143	0
-6.5472	-0.81731	0
-6.4179	-1.4436	0
-6.2283	-2.0543	0
-5.9801	-2.6437	0
-5.6755	-3.2059	0
-5.3171	-3.7356	0
-4.9085	-4.2274	0
-4.4532	-4.6765	0
-3.9558	-5.0783	0
-3.4209	-5.4287	0
-2.8537	-5.7241	0
-2.2599	-5.9613	0
-1.6453	-6.1378	0
-1.0161	-6.2515	0
-0.37857	-6.3011	0
0.26067	-6.2859	0
0.89505	-6.2058	0
1.518	-6.0614	0
2.1228	-5.8541	0
2.7032	-5.5858	0
3.2528	-5.2591	0
3.7657	-4.8773	0
4.2362	-4.4444	0
4.6591	-3.9649	0
5.0296	-3.4438	0
5.3433	-2.8867	0
5.5967	-2.2997	0
5.7866	-1.6892	0
5.9107	-1.062	0
5.9673	-0.4252	0
5.9555	0.21401	0
5.8753	0.84826	0
5.7272	1.4702	0
5.5127	2.0724	0
5.2341	2.6478	0
4.8945	3.1894	0
4.4976	3.6906	0
4.0481	4.1451	0
3.5512	4.5473	0
3.0128	4.8919	0
2.4394	5.1744	0
1.838	5.3911	0
1.2161	5.5389	0
0.58149	5.6156	0
-0.057698	5.62	0
-0.69322	5.5517	0
-1.3168	5.4112	0
-1.92	5.2	0
-2.4949	4.9207	0
-3.0336	4.5766	0
-3.5285	4.1722	0
-3.9726	3.7126	0
-4.3597	3.204	0
-4.6839	2.6533	0
-4.9404	2.0679	0
-5.1252	1.4561	0
-5.2353	0.82663	0
-5.2686	0.18845	0
-5.2243	-0.44904	0
-5.1025	-1.0764	0
-4.9048	-1.684	0
-4.6337	-2.2626	0
-4.2929	-2.8032	0
-3.8874	-3.2969	0
-3.4232	-3.736	0
-2.9073	-4.1129	0
-2.3477	-4.4212	0
-1.7534	-4.6556	0
-1.1338	-4.8116	0
-0.49934	-4.8862	0
0.13943	-4.8775	0
0.77154	-4.7852	0
1.3859	-4.6103	0
1.9716	-4.3553	0
2.5179	-4.0243	0
3.0146	-3.6227	0
3.4522	-3.1575	0
3.8221	-2.6368	0
4.1167	-2.0702	0
4.3298	-1.4681	0
4.4565	-0.84225	0
4.4937	-0.20477	0
4.4399	0.43149	0
4.2955	1.0534	0
4.0625	1.6479	0
3.7454	2.202	0
3.3501	2.7033	0
2.8847	3.1402	0
2.359	3.5024	0
1.7846	3.7806	0
1.1744	3.9676	0
0.54262	4.058	0
-0.09545	4.0485	0
-0.72394	3.9382	0
-1.3267	3.7289	0
-1.8875	3.4248	0
-2.3909	3.033	0
-2.8224	2.5632	0
-3.1687	2.0276	0
-3.4186	1.441	0
-3.5635	0.81999	0
-3.5972	0.18334	0
-3.517	-0.44905	0
-3.3237	-1.0564	0
-3.0221	-1.6177	0
-2.6208	-2.1126	0
-2.1325	-2.5216	0
-1.574	-2.8278	0
-0.96607	-3.017	0
-0.33253	-3.0787	0
0.29983	-3.0074	0
0.90226	-2.8031	0
1.4451	-2.4719	0
1.8992	-2.027	0
2.2372	-1.4891	0
2.4358	-0.88585	0
2.4772	-0.25256	0
2.3525	0.36924	0
2.0633	0.93306	0
1.625	1.3899	0
1.0695	1.6921	0
0.44706	1.7991	0
-0.1733	1.6855	0
-0.70743	1.3519	0
-1.0666	0.83579	0
-1.1772	0.21746	0
-0.96855	-0.35818	0
-0.40491	-0.4258	0
0	0	0.13022
0	0	0.26045
0	0	0.39067
0	0	0.52089
0	0	0.65111
0	0	0.78134
0	0	0.91156
0	0	1.0418
0	0	1.172
0	0	1.3022
0	0	1.4324
0	0	1.5627
0	0	1.6929
0	0	1.8231
0	0	1.9533
0	0	2.0836
0	0	2.2138
0	0	2.344
0	0	2.2138
0	0	2.0836
0	0	1.9533
0	0	1.8231
0	0	1.6929
0	0	1.5627
0	0	1.4324
0	0	1.3022
0	0	1.172
0	0	1.0418
0	0	0.91156
0	0	0.78134
0	0	0.65111
0	0	0.52089
0	0	0.39067
0	0	0.26045
0	0	0.13022
0	0	0
0	0	-2.0372e-14
0.56132	-0.19166	0
1.1104	0.035442	0
1.1735	0.63422	0
0.87823	1.1917	0
0.39543	1.5988	0
-0.2008	1.8084	0
-0.83335	1.8056	0
-1.4331	1.6026	0
-1.9454	1.2296	0
-2.3324	0.72713	0
-2.5718	0.13928	0
-2.6547	-0.49045	0
-2.583	-1.1219	0
-2.367	-1.72	0
-2.0232	-2.2553	0
-1.5724	-2.7045	0
-1.038	-3.0505	0
-0.44468	-3.2819	0
0.18263	-3.3929	0
0.81976	-3.3823	0
1.444	-3.2536	0
2.0346	-3.0136	0
2.5733	-2.6726	0
3.0447	-2.243	0
3.4359	-1.7392	0
3.7374	-1.177	0
3.9425	-0.57282	0
4.0472	0.056642	0
4.0506	0.69483	0
3.954	1.3257	0
3.7613	1.9343	0
3.4783	2.5066	0
3.1127	3.03	0
2.6737	3.4937	0
2.1717	3.8883	0
1.618	4.2065	0
1.0245	4.4425	0
0.40375	4.5927	0
-0.23196	4.655	0
-0.87023	4.6293	0
-1.4991	4.5168	0
-2.1071	4.3206	0
-2.6835	4.045	0
-3.2185	3.6956	0
-3.7032	3.2793	0
-4.1299	2.8036	0
-4.4919	2.2771	0
-4.7841	1.7087	0
-5.0022	1.1079	0
-5.1434	0.48463	0
-5.2062	-0.15142	0
-5.1903	-0.79039	0
-5.0966	-1.4227	0
-4.927	-2.039	0
-4.6845	-2.6304	0
-4.3733	-3.1888	0
-3.9982	-3.7064	0
-3.5648	-4.1764	0
-3.0795	-4.5927	0
-2.5493	-4.9499	0
-1.9815	-5.2438	0
-1.3838	-5.4709	0
-0.76421	-5.6287	0
-0.13075	-5.7157	0
0.50849	-5.7312	0
1.1455	-5.6754	0
1.7724	-5.5496	0
2.3818	-5.3556	0
2.9663	-5.0962	0
3.5192	-4.7748	0
4.0342	-4.3957	0
4.5056	-3.9635	0
4.9281	-3.4834	0
5.2974	-2.9612	0
5.6095	-2.403	0
5.8614	-1.8151	0
6.0506	-1.2041	0
6.1754	-0.5768	0
6.2347	0.060061	0
6.2284	0.69966	0
6.1568	1.3353	0
6.021	1.9604	0
5.8227	2.5685	0
5.5642	3.1536	0
5.2485	3.71	0
4.8789	4.2322	0
4.4594	4.7151	0
3.9944	5.1544	0
3.4884	5.5459	0
2.9467	5.8861	0
2.3744	6.1721	0
1.7771	6.4013	0
1.1605	6.5719	0
0.53035	6.6827	0
-0.10748	6.7327	0
-0.74719	6.722	0
-1.383	6.6507	0
-2.0093	6.5199	0
-2.6206	6.3309	0
-3.2116	6.0857	0
-3.7772	5.7866	0
-4.3127	5.4363	0
-4.8136	5.0382	0
-5.2759	4.5958	0
-5.6958	4.1129	0
-6.0699	3.5938	0
-6.3955	3.0429	0
-6.6699	2.4648	0
-6.8912	1.8644	0
-7.0579	1.2465	0
-7.1687	0.61625	0
-7.223	-0.021385	0
-7.2206	-0.66134	0
-7.1618	-1.2986	0
-7.0472	-1.9282	0
-6.8779	-2.5454	0
-6.6554	-3.1455	0
-6.3816	-3.7239	0
-6.0587	-4.2765	0
-5.6894	-4.7992	0
-5.2765	-5.2883	0
-4.8232	-5.7401	0
-4.333	-6.1517	0
-3.8096	-6.5201	0
-3.2569	-6.8428	0
-2.6789	-7.1178	0
-2.0798	-7.3431	0
-1.4639	-7.5174	0
-0.83562	-7.6397	0
-0.19932	-7.7093	0
0.44058	-7.7259	0
1.0797	-7.6895	0
1.7136	-7.6006	0
2.3381	-7.4599	0
2.949	-7.2686	0
3.5422	-7.0282	0
4.114	-6.7403	0
4.6606	-6.407	0
5.1785	-6.0307	0
5.6645	-5.614	0
6.1154	-5.1596	0
6.5286	-4.6706	0
6.9016	-4.1502	0
7.232	-3.6019	0
7.518	-3.0291	0
7.758	-2.4355	0
7.9505	-1.8249	0
8.0945	-1.201	0
8.1893	-0.56781	0
8.2345	0.070869	0
8.23	0.71114	0
8.176	1.3491	0
8.0728	1.9811	0
7.9214	2.6032	0
7.7227	3.2119	0
7.478	3.8037	0
7.1889	4.3751	0
6.8573	4.9229	0
6.4851	5.4439	0
6.0746	5.9354	0
5.6282	6.3947	0
5.1487	6.8191	0
4.6387	7.2064	0
4.3295	6.726	0
4.0202	6.2456	0
3.711	5.7652	0
3.4017	5.2847	0
3.0925	4.8043	0
2.7832	4.3239	0
2.474	3.8434	0
2.1647	3.363	0
1.8555	2.8826	0
1.5462	2.4021	0
1.237	1.9217	0
0.92774	1.4413	0
0.6185	0.96086	0
0.30925	0.48043	0
0	0	0
